2873
2893
2905
2916
2925
2932
2938
2943
2949
2953
2957
2961
2964
2967
2971
2974
2976
2979
2982
2986
2990
2994
2998
3001
3004
3007
3010
3012
3016
3020
3025
3029
3032
3036
3039
3043
3046
3050
3056
3061
3067
3072
3077
3082
3087
3093
3098
3106
3118
3131
3145
3163
3186
3224
3257
1194
1155
3100
3109
3113
3120
3124
3129
3131
1150
3079
1172
2873
2893
2905
2916
2925
2932
2938
2943
2949
2953
2957
2961
2964
2967
2971
2974
2976
2979
2982
2986
2990
2994
2998
3001
3004
3007
3010
3012
3016
3020
3025
3029
3032
3036
3039
3043
3046
3050
3056
3061
3067
3072
3077
3082
3087
3093
3098
3106
3118
3131
3145
3163
3186
3224
3257
1194
1155
3100
3109
3113
3120
3124
3129
3131
1150
3079
1172
2873
2893
2905
2916
2925
2932
2938
2943
2949
2953
2957
2961
2964
2967
2971
2974
2976
2979
2982
2986
2990
2994
2998
3001
3004
3007
3010
3012
3016
3020
3025
3029
3032
3036
3039
3043
3046
3050
3056
3061
3067
3072
3077
3082
3087
3093
3098
3106
3118
3131
3145
3163
3186
3224
3257
1194
1155
3100
3109
3113
3120
3124
3129
3131
1150
3079
1172
2873
2893
2905
2916
2925
2932
2938
2943
2949
2953
2957
2961
2964
2967
2971
2974
2976
2979
2982
2986
2990
2994
2998
3001
3004
3007
3010
3012
3016
3020
3025
3029
3032
3036
3039
3043
3046
3050
3056
3061
3067
3072
3077
3082
3087
3093
3098
3106
3118
3131
3145
3163
3186
3224
3257
1194
1155
3100
3109
3113
3120
3124
3129
3131
1150
3079
1172
2873
2893
2905
2916
2925
2932
2938
2943
2949
2953
2957
2961
2964
2967
2971
2974
2976
2979
2982
2986
2990
2994
2998
3001
3004
3007
3010
3012
3016
3020
3025
3029
3032
3036
3039
3043
3046
3050
3056
3061
3067
3072
3077
3082
3087
3093
3098
3106
3118
3131
3145
3163
3186
3224
3257
1194
1155
3100
3109
3113
3120
3124
3129
3131
1150
3079
1172
2873
2893
2905
2916
2925
2932
2938
2943
2949
2953
2957
2961
2964
2967
2971
2974
2976
2979
2982
2986
2990
2994
2998
3001
3004
3007
3010
3012
3016
3020
3025
3029
3032
3036
3039
3043
3046
3050
3056
3061
3067
3072
3077
3082
3087
3093
3098
3106
3118
3131
3145
3163
3186
3224
3257
1194
1155
3100
3109
3113
3120
3124
3129
3131
1150
3079
1172
2873
2893
2905
2916
2925
2932
2938
2943
2949
2953
2957
2961
2964
2967
2971
2974
2976
2979
2982
2986
2990
2994
2998
3001
3004
3007
3010
3012
3016
3020
3025
3029
3032
3036
3039
3043
3046
3050
3056
3061
3067
3072
3077
3082
3087
3093
3098
3106
3118
3131
3145
3163
3186
3224
3257
1194
1155
3100
3109
3113
3120
3124
3129
3131
1150
3079
1172
2873
2893
2905
2916
2925
2932
2938
2943
2949
2953
2957
2961
2964
2967
2971
2974
2976
2979
2982
2986
2990
2994
2998
3001
3004
3007
3010
3012
3016
3020
3025
3029
3032
3036
3039
3043
3046
3050
3056
3061
3067
3072
3077
3082
3087
3093
3098
3106
3118
3131
3145
3163
3186
3224
3257
1194
1155
3100
3109
3113
3120
3124
3129
3131
1150
3079
1172
2873
2893
2905
2916
2925
2932
2938
2943
2949
2953
2957
2961
2964
2967
2971
2974
2976
2979
2982
2986
2990
2994
2998
3001
3004
3007
3010
3012
3016
3020
3025
3029
3032
3036
3039
3043
3046
3050
3056
3061
3067
3072
3077
3082
3087
3093
3098
3106
3118
3131
3145
3163
3186
3224
3257
1194
1155
3100
3109
3113
3120
3124
3129
3131
1150
3079
1172
2873
2893
2905
2916
2925
2932
2938
2943
2949
2953
2957
2961
2964
2967
2971
2974
2976
2979
2982
2986
2990
2994
2998
3001
3004
3007
3010
3012
3016
3020
3025
3029
3032
3036
3039
3043
3046
3050
3056
3061
3067
3072
3077
3082
3087
3093
3098
3106
3118
3131
3145
3163
3186
3224
3257
1194
1155
3100
3109
3113
3120
3124
3129
3131
1150
3079
1172
2873
2893
2905
2916
2925
2932
2938
2943
2949
2953
2957
2961
2964
2967
2971
2974
2976
2979
2982
2986
2990
2994
2998
3001
3004
3007
3010
3012
3016
3020
3025
3029
3032
3036
3039
3043
3046
3050
3056
3061
3067
3072
3077
3082
3087
3093
3098
3106
3118
3131
3145
3163
3186
3224
3257
1194
1155
3100
3109
3113
3120
3124
3129
3131
1150
3079
1172
2873
2893
2905
2916
2925
2932
2938
2943
2949
2953
2957
2961
2964
2967
2971
2974
2976
2979
2982
2986
2990
2994
2998
3001
3004
3007
3010
3012
3016
3020
3025
3029
3032
3036
3039
3043
3046
3050
3056
3061
3067
3072
3077
3082
3087
3093
3098
3106
3118
3131
3145
3163
3186
3224
3257
1194
1155
3100
3109
3113
3120
3124
3129
3131
1150
3079
1172
2873
2893
2905
2916
2925
2932
2938
2943
2949
2953
2957
2961
2964
2967
2971
2974
2976
2979
2982
2986
2990
2994
2998
3001
3004
3007
3010
3012
3016
3020
3025
3029
3032
3036
3039
3043
3046
3050
3056
3061
3067
3072
3077
3082
3087
3093
3098
3106
3118
3131
3145
3163
3186
3224
3257
1194
1155
3100
3109
3113
3120
3124
3129
3131
1150
3079
1172
2873
2893
2905
2916
2925
2932
2938
2943
2949
2953
2957
2961
2964
2967
2971
2974
2976
2979
2982
2986
2990
2994
2998
3001
3004
3007
3010
3012
3016
3020
3025
3029
3032
3036
3039
3043
3046
3050
3056
3061
3067
3072
3077
3082
3087
3093
3098
3106
3118
3131
3145
3163
3186
3224
3257
1194
1155
3100
3109
3113
3120
3124
3129
3131
1150
3079
1172
2873
2893
2905
2916
2925
2932
2938
2943
2949
2953
2957
2961
2964
2967
2971
2974
2976
2979
2982
2986
2990
2994
2998
3001
3004
3007
3010
3012
3016
3020
3025
3029
3032
3036
3039
3043
3046
3050
3056
3061
3067
3072
3077
3082
3087
3093
3098
3106
3118
3131
3145
3163
3186
3224
3257
1194
1155
3100
3109
3113
3120
3124
3129
3131
1150
3079
1172
2873
2893
2905
2916
2925
2932
2938
2943
2949
2953
2957
2961
2964
2967
2971
2974
2976
2979
2982
2986
2990
2994
2998
3001
3004
3007
3010
3012
3016
3020
3025
3029
3032
3036
3039
3043
3046
3050
3056
3061
3067
3072
3077
3082
3087
3093
3098
3106
3118
3131
3145
3163
3186
3224
3257
1194
1155
3100
3109
3113
3120
3124
3129
3131
1150
3079
1172
2873
2893
2905
2916
2925
2932
2938
2943
2949
2953
2957
2961
2964
2967
2971
2974
2976
2979
2982
2986
2990
2994
2998
3001
3004
3007
3010
3012
3016
3020
3025
3029
3032
3036
3039
3043
3046
3050
3056
3061
3067
3072
3077
3082
3087
3093
3098
3106
3118
3131
3145
3163
3186
3224
3257
1194
1155
3100
3109
3113
3120
3124
3129
3131
1150
3079
1172
2873
2893
2905
2916
2925
2932
2938
2943
2949
2953
2957
2961
2964
2967
2971
2974
2976
2979
2982
2986
2990
2994
2998
3001
3004
3007
3010
3012
3016
3020
3025
3029
3032
3036
3039
3043
3046
3050
3056
3061
3067
3072
3077
3082
3087
3093
3098
3106
3118
3131
3145
3163
3186
3224
3257
1194
1155
3100
3109
3113
3120
3124
3129
3131
1150
3079
1172
2873
2893
2905
2916
2925
2932
2938
2943
2949
2953
2957
2961
2964
2967
2971
2974
2976
2979
2982
2986
2990
2994
2998
3001
3004
3007
3010
3012
3016
3020
3025
3029
3032
3036
3039
3043
3046
3050
3056
3061
3067
3072
3077
3082
3087
3093
3098
3106
3118
3131
3145
3163
3186
3224
3257
1194
1155
3100
3109
3113
3120
3124
3129
3131
1150
3079
1172
2873
2893
2905
2916
2925
2932
2938
2943
2949
2953
2957
2961
2964
2967
2971
2974
2976
2979
2982
2986
2990
2994
2998
3001
3004
3007
3010
3012
3016
3020
3025
3029
3032
3036
3039
3043
3046
3050
3056
3061
3067
3072
3077
3082
3087
3093
3098
3106
3118
3131
3145
3163
3186
3224
3257
1194
1155
3100
3109
3113
3120
3124
3129
3131
1150
3079
1172
2873
2893
2905
2916
2925
2932
2938
2943
2949
2953
2957
2961
2964
2967
2971
2974
2976
2979
2982
2986
2990
2994
2998
3001
3004
3007
3010
3012
3016
3020
3025
3029
3032
3036
3039
3043
3046
3050
3056
3061
3067
3072
3077
3082
3087
3093
3098
3106
3118
3131
3145
3163
3186
3224
3257
1194
1155
3100
3109
3113
3120
3124
3129
3131
1150
3079
1172
2873
2893
2905
2916
2925
2932
2938
2943
2949
2953
2957
2961
2964
2967
2971
2974
2976
2979
2982
2986
2990
2994
2998
3001
3004
3007
3010
3012
3016
3020
3025
3029
3032
3036
3039
3043
3046
3050
3056
3061
3067
3072
3077
3082
3087
3093
3098
3106
3118
3131
3145
3163
3186
3224
3257
1194
1155
3100
3109
3113
3120
3124
3129
3131
1150
3079
1172
2873
2893
2905
2916
2925
2932
2938
2943
2949
2953
2957
2961
2964
2967
2971
2974
2976
2979
2982
2986
2990
2994
2998
3001
3004
3007
3010
3012
3016
3020
3025
3029
3032
3036
3039
3043
3046
3050
3056
3061
3067
3072
3077
3082
3087
3093
3098
3106
3118
3131
3145
3163
3186
3224
3257
1194
1155
3100
3109
3113
3120
3124
3129
3131
1150
3079
1172
2873
2893
2905
2916
2925
2932
2938
2943
2949
2953
2957
2961
2964
2967
2971
2974
2976
2979
2982
2986
2990
2994
2998
3001
3004
3007
3010
3012
3016
3020
3025
3029
3032
3036
3039
3043
3046
3050
3056
3061
3067
3072
3077
3082
3087
3093
3098
3106
3118
3131
3145
3163
3186
3224
3257
1194
1155
3100
3109
3113
3120
3124
3129
3131
1150
3079
1172
2873
2893
2905
2916
2925
2932
2938
2943
2949
2953
2957
2961
2964
2967
2971
2974
2976
2979
2982
2986
2990
2994
2998
3001
3004
3007
3010
3012
3016
3020
3025
3029
3032
3036
3039
3043
3046
3050
3056
3061
3067
3072
3077
3082
3087
3093
3098
3106
3118
3131
3145
3163
3186
3224
3257
1194
1155
3100
3109
3113
3120
3124
3129
3131
1150
3079
1172
2873
2893
2905
2916
2925
2932
2938
2943
2949
2953
2957
2961
2964
2967
2971
2974
2976
2979
2982
2986
2990
2994
2998
3001
3004
3007
3010
3012
3016
3020
3025
3029
3032
3036
3039
3043
3046
3050
3056
3061
3067
3072
3077
3082
3087
3093
3098
3106
3118
3131
3145
3163
3186
3224
3257
1194
1155
3100
3109
3113
3120
3124
3129
3131
1150
3079
1172
2873
2893
2905
2916
2925
2932
2938
2943
2949
2953
2957
2961
2964
2967
2971
2974
2976
2979
2982
2986
2990
2994
2998
3001
3004
3007
3010
3012
3016
3020
3025
3029
3032
3036
3039
3043
3046
3050
3056
3061
3067
3072
3077
3082
3087
3093
3098
3106
3118
3131
3145
3163
3186
3224
3257
1194
1155
3100
3109
3113
3120
3124
3129
3131
1150
3079
1172
2873
2893
2905
2916
2925
2932
2938
2943
2949
2953
2957
2961
2964
2967
2971
2974
2976
2979
2982
2986
2990
2994
2998
3001
3004
3007
3010
3012
3016
3020
3025
3029
3032
3036
3039
3043
3046
3050
3056
3061
3067
3072
3077
3082
3087
3093
3098
3106
3118
3131
3145
3163
3186
3224
3257
1194
1155
3100
3109
3113
3120
3124
3129
3131
1150
3079
1172
2873
2893
2905
2916
2925
2932
2938
2943
2949
2953
2957
2961
2964
2967
2971
2974
2976
2979
2982
2986
2990
2994
2998
3001
3004
3007
3010
3012
3016
3020
3025
3029
3032
3036
3039
3043
3046
3050
3056
3061
3067
3072
3077
3082
3087
3093
3098
3106
3118
3131
3145
3163
3186
3224
3257
1194
1155
3100
3109
3113
3120
3124
3129
3131
1150
3079
1172
2873
2893
2905
2916
2925
2932
2938
2943
2949
2953
2957
2961
2964
2967
2971
2974
2976
2979
2982
2986
2990
2994
2998
3001
3004
3007
3010
3012
3016
3020
3025
3029
3032
3036
3039
3043
3046
3050
3056
3061
3067
3072
3077
3082
3087
3093
3098
3106
3118
3131
3145
3163
3186
3224
3257
1194
1155
3100
3109
3113
3120
3124
3129
3131
1150
3079
1172
2873
2893
2905
2916
2925
2932
2938
2943
2949
2953
2957
2961
2964
2967
2971
2974
2976
2979
2982
2986
2990
2994
2998
3001
3004
3007
3010
3012
3016
3020
3025
3029
3032
3036
3039
3043
3046
3050
3056
3061
3067
3072
3077
3082
3087
3093
3098
3106
3118
3131
3145
3163
3186
3224
3257
1194
1155
3100
3109
3113
3120
3124
3129
3131
1150
3079
1172
2873
2893
2905
2916
2925
2932
2938
2943
2949
2953
2957
2961
2964
2967
2971
2974
2976
2979
2982
2986
2990
2994
2998
3001
3004
3007
3010
3012
3016
3020
3025
3029
3032
3036
3039
3043
3046
3050
3056
3061
3067
3072
3077
3082
3087
3093
3098
3106
3118
3131
3145
3163
3186
3224
3257
1194
1155
3100
3109
3113
3120
3124
3129
3131
1150
3079
1172
2873
2893
2905
2916
2925
2932
2938
2943
2949
2953
2957
2961
2964
2967
2971
2974
2976
2979
2982
2986
2990
2994
2998
3001
3004
3007
3010
3012
3016
3020
3025
3029
3032
3036
3039
3043
3046
3050
3056
3061
3067
3072
3077
3082
3087
3093
3098
3106
3118
3131
3145
3163
3186
3224
3257
1194
1155
3100
3109
3113
3120
3124
3129
3131
1150
3079
1172
2873
2893
2905
2916
2925
2932
2938
2943
2949
2953
2957
2961
2964
2967
2971
2974
2976
2979
2982
2986
2990
2994
2998
3001
3004
3007
3010
3012
3016
3020
3025
3029
3032
3036
3039
3043
3046
3050
3056
3061
3067
3072
3077
3082
3087
3093
3098
3106
3118
3131
3145
3163
3186
3224
3257
1194
1155
3100
3109
3113
3120
3124
3129
3131
1150
3079
1172
2873
2893
2905
2916
2925
2932
2938
2943
2949
2953
2957
2961
2964
2967
2971
2974
2976
2979
2982
2986
2990
2994
2998
3001
3004
3007
3010
3012
3016
3020
3025
3029
3032
3036
3039
3043
3046
3050
3056
3061
3067
3072
3077
3082
3087
3093
3098
3106
3118
3131
3145
3163
3186
3224
3257
1194
1155
3100
3109
3113
3120
3124
3129
3131
1150
3079
1172
2873
2893
2905
2916
2925
2932
2938
2943
2949
2953
2957
2961
2964
2967
2971
2974
2976
2979
2982
2986
2990
2994
2998
3001
3004
3007
3010
3012
3016
3020
3025
3029
3032
3036
3039
3043
3046
3050
3056
3061
3067
3072
3077
3082
3087
3093
3098
3106
3118
3131
3145
3163
3186
3224
3257
1194
1155
3100
3109
3113
3120
3124
3129
3131
1150
3079
1172
2873
2893
2905
2916
2925
2932
2938
2943
2949
2953
2957
2961
2964
2967
2971
2974
2976
2979
2982
2986
2990
2994
2998
3001
3004
3007
3010
3012
3016
3020
3025
3029
3032
3036
3039
3043
3046
3050
3056
3061
3067
3072
3077
3082
3087
3093
3098
3106
3118
3131
3145
3163
3186
3224
3257
1194
1155
3100
3109
3113
3120
3124
3129
3131
1150
3079
1172
2873
2893
2905
2916
2925
2932
2938
2943
2949
2953
2957
2961
2964
2967
2971
2974
2976
2979
2982
2986
2990
2994
2998
3001
3004
3007
3010
3012
3016
3020
3025
3029
3032
3036
3039
3043
3046
3050
3056
3061
3067
3072
3077
3082
3087
3093
3098
3106
3118
3131
3145
3163
3186
3224
3257
1194
1155
3100
3109
3113
3120
3124
3129
3131
1150
3079
1172
2873
2893
2905
2916
2925
2932
2938
2943
2949
2953
2957
2961
2964
2967
2971
2974
2976
2979
2982
2986
2990
2994
2998
3001
3004
3007
3010
3012
3016
3020
3025
3029
3032
3036
3039
3043
3046
3050
3056
3061
3067
3072
3077
3082
3087
3093
3098
3106
3118
3131
3145
3163
3186
3224
3257
1194
1155
3100
3109
3113
3120
3124
3129
3131
1150
3079
1172
2873
2893
2905
2916
2925
2932
2938
2943
2949
2953
2957
2961
2964
2967
2971
2974
2976
2979
2982
2986
2990
2994
2998
3001
3004
3007
3010
3012
3016
3020
3025
3029
3032
3036
3039
3043
3046
3050
3056
3061
3067
3072
3077
3082
3087
3093
3098
3106
3118
3131
3145
3163
3186
3224
3257
1194
1155
3100
3109
3113
3120
3124
3129
3131
1150
3079
1172
2873
2893
2905
2916
2925
2932
2938
2943
2949
2953
2957
2961
2964
2967
2971
2974
2976
2979
2982
2986
2990
2994
2998
3001
3004
3007
3010
3012
3016
3020
3025
3029
3032
3036
3039
3043
3046
3050
3056
3061
3067
3072
3077
3082
3087
3093
3098
3106
3118
3131
3145
3163
3186
3224
3257
1194
1155
3100
3109
3113
3120
3124
3129
3131
1150
3079
1172
2873
2893
2905
2916
2925
2932
2938
2943
2949
2953
2957
2961
2964
2967
2971
2974
2976
2979
2982
2986
2990
2994
2998
3001
3004
3007
3010
3012
3016
3020
3025
3029
3032
3036
3039
3043
3046
3050
3056
3061
3067
3072
3077
3082
3087
3093
3098
3106
3118
3131
3145
3163
3186
3224
3257
1194
1155
3100
3109
3113
3120
3124
3129
3131
1150
3079
1172
2873
2893
2905
2916
2925
2932
2938
2943
2949
2953
2957
2961
2964
2967
2971
2974
2976
2979
2982
2986
2990
2994
2998
3001
3004
3007
3010
3012
3016
3020
3025
3029
3032
3036
3039
3043
3046
3050
3056
3061
3067
3072
3077
3082
3087
3093
3098
3106
3118
3131
3145
3163
3186
3224
3257
1194
1155
3100
3109
3113
3120
3124
3129
3131
1150
3079
1172
2873
2893
2905
2916
2925
2932
2938
2943
2949
2953
2957
2961
2964
2967
2971
2974
2976
2979
2982
2986
2990
2994
2998
3001
3004
3007
3010
3012
3016
3020
3025
3029
3032
3036
3039
3043
3046
3050
3056
3061
3067
3072
3077
3082
3087
3093
3098
3106
3118
3131
3145
3163
3186
3224
3257
1194
1155
3100
3109
3113
3120
3124
3129
3131
1150
3079
1172
2873
2893
2905
2916
2925
2932
2938
2943
2949
2953
2957
2961
2964
2967
2971
2974
2976
2979
2982
2986
2990
2994
2998
3001
3004
3007
3010
3012
3016
3020
3025
3029
3032
3036
3039
3043
3046
3050
3056
3061
3067
3072
3077
3082
3087
3093
3098
3106
3118
3131
3145
3163
3186
3224
3257
1194
1155
3100
3109
3113
3120
3124
3129
3131
1150
3079
1172
2873
2893
2905
2916
2925
2932
2938
2943
2949
2953
2957
2961
2964
2967
2971
2974
2976
2979
2982
2986
2990
2994
2998
3001
3004
3007
3010
3012
3016
3020
3025
3029
3032
3036
3039
3043
3046
3050
3056
3061
3067
3072
3077
3082
3087
3093
3098
3106
3118
3131
3145
3163
3186
3224
3257
1194
1155
3100
3109
3113
3120
3124
3129
3131
1150
3079
1172
2873
2893
2905
2916
2925
2932
2938
2943
2949
2953
2957
2961
2964
2967
2971
2974
2976
2979
2982
2986
2990
2994
2998
3001
3004
3007
3010
3012
3016
3020
3025
3029
3032
3036
3039
3043
3046
3050
3056
3061
3067
3072
3077
3082
3087
3093
3098
3106
3118
3131
3145
3163
3186
3224
3257
1194
1155
3100
3109
3113
3120
3124
3129
3131
1150
3079
1172
2873
2893
2905
2916
2925
2932
2938
2943
2949
2953
2957
2961
2964
2967
2971
2974
2976
2979
2982
2986
2990
2994
2998
3001
3004
3007
3010
3012
3016
3020
3025
3029
3032
3036
3039
3043
3046
3050
3056
3061
3067
3072
3077
3082
3087
3093
3098
3106
3118
3131
3145
3163
3186
3224
3257
1194
1155
3100
3109
3113
3120
3124
3129
3131
1150
3079
1172
2873
2893
2905
2916
2925
2932
2938
2943
2949
2953
2957
2961
2964
2967
2971
2974
2976
2979
2982
2986
2990
2994
2998
3001
3004
3007
3010
3012
3016
3020
3025
3029
3032
3036
3039
3043
3046
3050
3056
3061
3067
3072
3077
3082
3087
3093
3098
3106
3118
3131
3145
3163
3186
3224
3257
1194
1155
3100
3109
3113
3120
3124
3129
3131
1150
3079
1172
2873
2893
2905
2916
2925
2932
2938
2943
2949
2953
2957
2961
2964
2967
2971
2974
2976
2979
2982
2986
2990
2994
2998
3001
3004
3007
3010
3012
3016
3020
3025
3029
3032
3036
3039
3043
3046
3050
3056
3061
3067
3072
3077
3082
3087
3093
3098
3106
3118
3131
3145
3163
3186
3224
3257
1194
1155
3100
3109
3113
3120
3124
3129
3131
1150
3079
1172
2873
2893
2905
2916
2925
2932
2938
2943
2949
2953
2957
2961
2964
2967
2971
2974
2976
2979
2982
2986
2990
2994
2998
3001
3004
3007
3010
3012
3016
3020
3025
3029
3032
3036
3039
3043
3046
3050
3056
3061
3067
3072
3077
3082
3087
3093
3098
3106
3118
3131
3145
3163
3186
3224
3257
1194
1155
3100
3109
3113
3120
3124
3129
3131
1150
3079
1172
2873
2893
2905
2916
2925
2932
2938
2943
2949
2953
2957
2961
2964
2967
2971
2974
2976
2979
2982
2986
2990
2994
2998
3001
3004
3007
3010
3012
3016
3020
3025
3029
3032
3036
3039
3043
3046
3050
3056
3061
3067
3072
3077
3082
3087
3093
3098
3106
3118
3131
3145
3163
3186
3224
3257
1194
1155
3100
3109
3113
3120
3124
3129
3131
1150
3079
1172
2873
2893
2905
2916
2925
2932
2938
2943
2949
2953
2957
2961
2964
2967
2971
2974
2976
2979
2982
2986
2990
2994
2998
3001
3004
3007
3010
3012
3016
3020
3025
3029
3032
3036
3039
3043
3046
3050
3056
3061
3067
3072
3077
3082
3087
3093
3098
3106
3118
3131
3145
3163
3186
3224
3257
1194
1155
3100
3109
3113
3120
3124
3129
3131
1150
3079
1172
2873
2893
2905
2916
2925
2932
2938
2943
2949
2953
2957
2961
2964
2967
2971
2974
2976
2979
2982
2986
2990
2994
2998
3001
3004
3007
3010
3012
3016
3020
3025
3029
3032
3036
3039
3043
3046
3050
3056
3061
3067
3072
3077
3082
3087
3093
3098
3106
3118
3131
3145
3163
3186
3224
3257
1194
1155
3100
3109
3113
3120
3124
3129
3131
1150
3079
1172
2873
2893
2905
2916
2925
2932
2938
2943
2949
2953
2957
2961
2964
2967
2971
2974
2976
2979
2982
2986
2990
2994
2998
3001
3004
3007
3010
3012
3016
3020
3025
3029
3032
3036
3039
3043
3046
3050
3056
3061
3067
3072
3077
3082
3087
3093
3098
3106
3118
3131
3145
3163
3186
3224
3257
1194
1155
3100
3109
3113
3120
3124
3129
3131
1150
3079
1172
2873
2893
2905
2916
2925
2932
2938
2943
2949
2953
2957
2961
2964
2967
2971
2974
2976
2979
2982
2986
2990
2994
2998
3001
3004
3007
3010
3012
3016
3020
3025
3029
3032
3036
3039
3043
3046
3050
3056
3061
3067
3072
3077
3082
3087
3093
3098
3106
3118
3131
3145
3163
3186
3224
3257
1194
1155
3100
3109
3113
3120
3124
3129
3131
1150
3079
1172
2873
2893
2905
2916
2925
2932
2938
2943
2949
2953
2957
2961
2964
2967
2971
2974
2976
2979
2982
2986
2990
2994
2998
3001
3004
3007
3010
3012
3016
3020
3025
3029
3032
3036
3039
3043
3046
3050
3056
3061
3067
3072
3077
3082
3087
3093
3098
3106
3118
3131
3145
3163
3186
3224
3257
1194
1155
3100
3109
3113
3120
3124
3129
3131
1150
3079
1172
2873
2893
2905
2916
2925
2932
2938
2943
2949
2953
2957
2961
2964
2967
2971
2974
2976
2979
2982
2986
2990
2994
2998
3001
3004
3007
3010
3012
3016
3020
3025
3029
3032
3036
3039
3043
3046
3050
3056
3061
3067
3072
3077
3082
3087
3093
3098
3106
3118
3131
3145
3163
3186
3224
3257
1194
1155
3100
3109
3113
3120
3124
3129
3131
1150
3079
1172
2873
2893
2905
2916
2925
2932
2938
2943
2949
2953
2957
2961
2964
2967
2971
2974
2976
2979
2982
2986
2990
2994
2998
3001
3004
3007
3010
3012
3016
3020
3025
3029
3032
3036
3039
3043
3046
3050
3056
3061
3067
3072
3077
3082
3087
3093
3098
3106
3118
3131
3145
3163
3186
3224
3257
1194
1155
3100
3109
3113
3120
3124
3129
3131
1150
3079
1172
2873
2893
2905
2916
2925
2932
2938
2943
2949
2953
2957
2961
2964
2967
2971
2974
2976
2979
2982
2986
2990
2994
2998
3001
3004
3007
3010
3012
3016
3020
3025
3029
3032
3036
3039
3043
3046
3050
3056
3061
3067
3072
3077
3082
3087
3093
3098
3106
3118
3131
3145
3163
3186
3224
3257
1194
1155
3100
3109
3113
3120
3124
3129
3131
1150
3079
1172
2873
2893
2905
2916
2925
2932
2938
2943
2949
2953
2957
2961
2964
2967
2971
2974
2976
2979
2982
2986
2990
2994
2998
3001
3004
3007
3010
3012
3016
3020
3025
3029
3032
3036
3039
3043
3046
3050
3056
3061
3067
3072
3077
3082
3087
3093
3098
3106
3118
3131
3145
3163
3186
3224
3257
1194
1155
3100
3109
3113
3120
3124
3129
3131
1150
3079
1172
2873
2893
2905
2916
2925
2932
2938
2943
2949
2953
2957
2961
2964
2967
2971
2974
2976
2979
2982
2986
2990
2994
2998
3001
3004
3007
3010
3012
3016
3020
3025
3029
3032
3036
3039
3043
3046
3050
3056
3061
3067
3072
3077
3082
3087
3093
3098
3106
3118
3131
3145
3163
3186
3224
3257
1194
1155
3100
3109
3113
3120
3124
3129
3131
1150
3079
1172
2873
2893
2905
2916
2925
2932
2938
2943
2949
2953
2957
2961
2964
2967
2971
2974
2976
2979
2982
2986
2990
2994
2998
3001
3004
3007
3010
3012
3016
3020
3025
3029
3032
3036
3039
3043
3046
3050
3056
3061
3067
3072
3077
3082
3087
3093
3098
3106
3118
3131
3145
3163
3186
3224
3257
1194
1155
3100
3109
3113
3120
3124
3129
3131
1150
3079
1172
2864
2883
2896
2906
2915
2923
2928
2934
2939
2943
2947
2951
2955
2958
2961
2964
2966
2969
2972
2977
2981
2985
2988
2991
2994
2997
3000
3003
3006
3011
3015
3019
3023
3026
3030
3033
3036
3041
3046
3052
3057
3062
3068
3073
3078
3083
3088
3097
3108
3121
3136
3153
3176
3214
3235
1185
1145
3090
3099
3104
3110
3114
3119
3122
1141
3069
1163
