748
769
808
817
812
815
831
841
849
856
851
851
857
862
869
872
872
874
877
881
884
888
894
896
898
903
907
909
911
917
921
924
930
933
937
940
943
948
954
960
965
971
977
982
988
994
1000
1009
1023
1038
1056
1079
1113
1067
3231
3183
3180
1002
1012
1017
1025
1030
1036
1039
3178
980
3167
748
769
808
817
812
815
831
841
849
856
851
851
857
862
869
872
872
874
877
881
884
888
894
896
898
903
907
909
911
917
921
924
930
933
937
940
943
948
954
960
965
971
977
982
988
994
1000
1009
1023
1038
1056
1079
1113
1067
3231
3183
3180
1002
1012
1017
1025
1030
1036
1039
3178
980
3167
748
769
808
817
812
815
831
841
849
856
851
851
857
862
869
872
872
874
877
881
884
888
894
896
898
903
907
909
911
917
921
924
930
933
937
940
943
948
954
960
965
971
977
982
988
994
1000
1009
1023
1038
1056
1079
1113
1067
3231
3183
3180
1002
1012
1017
1025
1030
1036
1039
3178
980
3167
748
769
808
817
812
815
831
841
849
856
851
851
857
862
869
872
872
874
877
881
884
888
894
896
898
903
907
909
911
917
921
924
930
933
937
940
943
948
954
960
965
971
977
982
988
994
1000
1009
1023
1038
1056
1079
1113
1067
3231
3183
3180
1002
1012
1017
1025
1030
1036
1039
3178
980
3167
748
769
808
817
812
815
831
841
849
856
851
851
857
862
869
872
872
874
877
881
884
888
894
896
898
903
907
909
911
917
921
924
930
933
937
940
943
948
954
960
965
971
977
982
988
994
1000
1009
1023
1038
1056
1079
1113
1067
3231
3183
3180
1002
1012
1017
1025
1030
1036
1039
3178
980
3167
748
769
808
817
812
815
831
841
849
856
851
851
857
862
869
872
872
874
877
881
884
888
894
896
898
903
907
909
911
917
921
924
930
933
937
940
943
948
954
960
965
971
977
982
988
994
1000
1009
1023
1038
1056
1079
1113
1067
3231
3183
3180
1002
1012
1017
1025
1030
1036
1039
3178
980
3167
748
769
808
817
812
815
831
841
849
856
851
851
857
862
869
872
872
874
877
881
884
888
894
896
898
903
907
909
911
917
921
924
930
933
937
940
943
948
954
960
965
971
977
982
988
994
1000
1009
1023
1038
1056
1079
1113
1067
3231
3183
3180
1002
1012
1017
1025
1030
1036
1039
3178
980
3167
748
769
808
817
812
815
831
841
849
856
851
851
857
862
869
872
872
874
877
881
884
888
894
896
898
903
907
909
911
917
921
924
930
933
937
940
943
948
954
960
965
971
977
982
988
994
1000
1009
1023
1038
1056
1079
1113
1067
3231
3183
3180
1002
1012
1017
1025
1030
1036
1039
3178
980
3167
748
769
808
817
812
815
831
841
849
856
851
851
857
862
869
872
872
874
877
881
884
888
894
896
898
903
907
909
911
917
921
924
930
933
937
940
943
948
954
960
965
971
977
982
988
994
1000
1009
1023
1038
1056
1079
1113
1067
3231
3183
3180
1002
1012
1017
1025
1030
1036
1039
3178
980
3167
748
769
808
817
812
815
831
841
849
856
851
851
857
862
869
872
872
874
877
881
884
888
894
896
898
903
907
909
911
917
921
924
930
933
937
940
943
948
954
960
965
971
977
982
988
994
1000
1009
1023
1038
1056
1079
1113
1067
3231
3183
3180
1002
1012
1017
1025
1030
1036
1039
3178
980
3167
748
769
808
817
812
815
831
841
849
856
851
851
857
862
869
872
872
874
877
881
884
888
894
896
898
903
907
909
911
917
921
924
930
933
937
940
943
948
954
960
965
971
977
982
988
994
1000
1009
1023
1038
1056
1079
1113
1067
3231
3183
3180
1002
1012
1017
1025
1030
1036
1039
3178
980
3167
748
769
808
817
812
815
831
841
849
856
851
851
857
862
869
872
872
874
877
881
884
888
894
896
898
903
907
909
911
917
921
924
930
933
937
940
943
948
954
960
965
971
977
982
988
994
1000
1009
1023
1038
1056
1079
1113
1067
3231
3183
3180
1002
1012
1017
1025
1030
1036
1039
3178
980
3167
748
769
808
817
812
815
831
841
849
856
851
851
857
862
869
872
872
874
877
881
884
888
894
896
898
903
907
909
911
917
921
924
930
933
937
940
943
948
954
960
965
971
977
982
988
994
1000
1009
1023
1038
1056
1079
1113
1067
3231
3183
3180
1002
1012
1017
1025
1030
1036
1039
3178
980
3167
748
769
808
817
812
815
831
841
849
856
851
851
857
862
869
872
872
874
877
881
884
888
894
896
898
903
907
909
911
917
921
924
930
933
937
940
943
948
954
960
965
971
977
982
988
994
1000
1009
1023
1038
1056
1079
1113
1067
3231
3183
3180
1002
1012
1017
1025
1030
1036
1039
3178
980
3167
748
769
808
817
812
815
831
841
849
856
851
851
857
862
869
872
872
874
877
881
884
888
894
896
898
903
907
909
911
917
921
924
930
933
937
940
943
948
954
960
965
971
977
982
988
994
1000
1009
1023
1038
1056
1079
1113
1067
3231
3183
3180
1002
1012
1017
1025
1030
1036
1039
3178
980
3167
748
769
808
817
812
815
831
841
849
856
851
851
857
862
869
872
872
874
877
881
884
888
894
896
898
903
907
909
911
917
921
924
930
933
937
940
943
948
954
960
965
971
977
982
988
994
1000
1009
1023
1038
1056
1079
1113
1067
3231
3183
3180
1002
1012
1017
1025
1030
1036
1039
3178
980
3167
748
769
808
817
812
815
831
841
849
856
851
851
857
862
869
872
872
874
877
881
884
888
894
896
898
903
907
909
911
917
921
924
930
933
937
940
943
948
954
960
965
971
977
982
988
994
1000
1009
1023
1038
1056
1079
1113
1067
3231
3183
3180
1002
1012
1017
1025
1030
1036
1039
3178
980
3167
748
769
808
817
812
815
831
841
849
856
851
851
857
862
869
872
872
874
877
881
884
888
894
896
898
903
907
909
911
917
921
924
930
933
937
940
943
948
954
960
965
971
977
982
988
994
1000
1009
1023
1038
1056
1079
1113
1067
3231
3183
3180
1002
1012
1017
1025
1030
1036
1039
3178
980
3167
748
769
808
817
812
815
831
841
849
856
851
851
857
862
869
872
872
874
877
881
884
888
894
896
898
903
907
909
911
917
921
924
930
933
937
940
943
948
954
960
965
971
977
982
988
994
1000
1009
1023
1038
1056
1079
1113
1067
3231
3183
3180
1002
1012
1017
1025
1030
1036
1039
3178
980
3167
748
769
808
817
812
815
831
841
849
856
851
851
857
862
869
872
872
874
877
881
884
888
894
896
898
903
907
909
911
917
921
924
930
933
937
940
943
948
954
960
965
971
977
982
988
994
1000
1009
1023
1038
1056
1079
1113
1067
3231
3183
3180
1002
1012
1017
1025
1030
1036
1039
3178
980
3167
748
769
808
817
812
815
831
841
849
856
851
851
857
862
869
872
872
874
877
881
884
888
894
896
898
903
907
909
911
917
921
924
930
933
937
940
943
948
954
960
965
971
977
982
988
994
1000
1009
1023
1038
1056
1079
1113
1067
3231
3183
3180
1002
1012
1017
1025
1030
1036
1039
3178
980
3167
748
769
808
817
812
815
831
841
849
856
851
851
857
862
869
872
872
874
877
881
884
888
894
896
898
903
907
909
911
917
921
924
930
933
937
940
943
948
954
960
965
971
977
982
988
994
1000
1009
1023
1038
1056
1079
1113
1067
3231
3183
3180
1002
1012
1017
1025
1030
1036
1039
3178
980
3167
748
769
808
817
812
815
831
841
849
856
851
851
857
862
869
872
872
874
877
881
884
888
894
896
898
903
907
909
911
917
921
924
930
933
937
940
943
948
954
960
965
971
977
982
988
994
1000
1009
1023
1038
1056
1079
1113
1067
3231
3183
3180
1002
1012
1017
1025
1030
1036
1039
3178
980
3167
748
769
808
817
812
815
831
841
849
856
851
851
857
862
869
872
872
874
877
881
884
888
894
896
898
903
907
909
911
917
921
924
930
933
937
940
943
948
954
960
965
971
977
982
988
994
1000
1009
1023
1038
1056
1079
1113
1067
3231
3183
3180
1002
1012
1017
1025
1030
1036
1039
3178
980
3167
748
769
808
817
812
815
831
841
849
856
851
851
857
862
869
872
872
874
877
881
884
888
894
896
898
903
907
909
911
917
921
924
930
933
937
940
943
948
954
960
965
971
977
982
988
994
1000
1009
1023
1038
1056
1079
1113
1067
3231
3183
3180
1002
1012
1017
1025
1030
1036
1039
3178
980
3167
748
769
808
817
812
815
831
841
849
856
851
851
857
862
869
872
872
874
877
881
884
888
894
896
898
903
907
909
911
917
921
924
930
933
937
940
943
948
954
960
965
971
977
982
988
994
1000
1009
1023
1038
1056
1079
1113
1067
3231
3183
3180
1002
1012
1017
1025
1030
1036
1039
3178
980
3167
748
769
808
817
812
815
831
841
849
856
851
851
857
862
869
872
872
874
877
881
884
888
894
896
898
903
907
909
911
917
921
924
930
933
937
940
943
948
954
960
965
971
977
982
988
994
1000
1009
1023
1038
1056
1079
1113
1067
3231
3183
3180
1002
1012
1017
1025
1030
1036
1039
3178
980
3167
748
769
808
817
812
815
831
841
849
856
851
851
857
862
869
872
872
874
877
881
884
888
894
896
898
903
907
909
911
917
921
924
930
933
937
940
943
948
954
960
965
971
977
982
988
994
1000
1009
1023
1038
1056
1079
1113
1067
3231
3183
3180
1002
1012
1017
1025
1030
1036
1039
3178
980
3167
748
769
808
817
812
815
831
841
849
856
851
851
857
862
869
872
872
874
877
881
884
888
894
896
898
903
907
909
911
917
921
924
930
933
937
940
943
948
954
960
965
971
977
982
988
994
1000
1009
1023
1038
1056
1079
1113
1067
3231
3183
3180
1002
1012
1017
1025
1030
1036
1039
3178
980
3167
748
769
808
817
812
815
831
841
849
856
851
851
857
862
869
872
872
874
877
881
884
888
894
896
898
903
907
909
911
917
921
924
930
933
937
940
943
948
954
960
965
971
977
982
988
994
1000
1009
1023
1038
1056
1079
1113
1067
3231
3183
3180
1002
1012
1017
1025
1030
1036
1039
3178
980
3167
748
769
808
817
812
815
831
841
849
856
851
851
857
862
869
872
872
874
877
881
884
888
894
896
898
903
907
909
911
917
921
924
930
933
937
940
943
948
954
960
965
971
977
982
988
994
1000
1009
1023
1038
1056
1079
1113
1067
3231
3183
3180
1002
1012
1017
1025
1030
1036
1039
3178
980
3167
748
769
808
817
812
815
831
841
849
856
851
851
857
862
869
872
872
874
877
881
884
888
894
896
898
903
907
909
911
917
921
924
930
933
937
940
943
948
954
960
965
971
977
982
988
994
1000
1009
1023
1038
1056
1079
1113
1067
3231
3183
3180
1002
1012
1017
1025
1030
1036
1039
3178
980
3167
748
769
808
817
812
815
831
841
849
856
851
851
857
862
869
872
872
874
877
881
884
888
894
896
898
903
907
909
911
917
921
924
930
933
937
940
943
948
954
960
965
971
977
982
988
994
1000
1009
1023
1038
1056
1079
1113
1067
3231
3183
3180
1002
1012
1017
1025
1030
1036
1039
3178
980
3167
748
769
808
817
812
815
831
841
849
856
851
851
857
862
869
872
872
874
877
881
884
888
894
896
898
903
907
909
911
917
921
924
930
933
937
940
943
948
954
960
965
971
977
982
988
994
1000
1009
1023
1038
1056
1079
1113
1067
3231
3183
3180
1002
1012
1017
1025
1030
1036
1039
3178
980
3167
748
769
808
817
812
815
831
841
849
856
851
851
857
862
869
872
872
874
877
881
884
888
894
896
898
903
907
909
911
917
921
924
930
933
937
940
943
948
954
960
965
971
977
982
988
994
1000
1009
1023
1038
1056
1079
1113
1067
3231
3183
3180
1002
1012
1017
1025
1030
1036
1039
3178
980
3167
748
769
808
817
812
815
831
841
849
856
851
851
857
862
869
872
872
874
877
881
884
888
894
896
898
903
907
909
911
917
921
924
930
933
937
940
943
948
954
960
965
971
977
982
988
994
1000
1009
1023
1038
1056
1079
1113
1067
3231
3183
3180
1002
1012
1017
1025
1030
1036
1039
3178
980
3167
748
769
808
817
812
815
831
841
849
856
851
851
857
862
869
872
872
874
877
881
884
888
894
896
898
903
907
909
911
917
921
924
930
933
937
940
943
948
954
960
965
971
977
982
988
994
1000
1009
1023
1038
1056
1079
1113
1067
3231
3183
3180
1002
1012
1017
1025
1030
1036
1039
3178
980
3167
748
769
808
817
812
815
831
841
849
856
851
851
857
862
869
872
872
874
877
881
884
888
894
896
898
903
907
909
911
917
921
924
930
933
937
940
943
948
954
960
965
971
977
982
988
994
1000
1009
1023
1038
1056
1079
1113
1067
3231
3183
3180
1002
1012
1017
1025
1030
1036
1039
3178
980
3167
748
769
808
817
812
815
831
841
849
856
851
851
857
862
869
872
872
874
877
881
884
888
894
896
898
903
907
909
911
917
921
924
930
933
937
940
943
948
954
960
965
971
977
982
988
994
1000
1009
1023
1038
1056
1079
1113
1067
3231
3183
3180
1002
1012
1017
1025
1030
1036
1039
3178
980
3167
748
769
808
817
812
815
831
841
849
856
851
851
857
862
869
872
872
874
877
881
884
888
894
896
898
903
907
909
911
917
921
924
930
933
937
940
943
948
954
960
965
971
977
982
988
994
1000
1009
1023
1038
1056
1079
1113
1067
3231
3183
3180
1002
1012
1017
1025
1030
1036
1039
3178
980
3167
748
769
808
817
812
815
831
841
849
856
851
851
857
862
869
872
872
874
877
881
884
888
894
896
898
903
907
909
911
917
921
924
930
933
937
940
943
948
954
960
965
971
977
982
988
994
1000
1009
1023
1038
1056
1079
1113
1067
3231
3183
3180
1002
1012
1017
1025
1030
1036
1039
3178
980
3167
748
769
808
817
812
815
831
841
849
856
851
851
857
862
869
872
872
874
877
881
884
888
894
896
898
903
907
909
911
917
921
924
930
933
937
940
943
948
954
960
965
971
977
982
988
994
1000
1009
1023
1038
1056
1079
1113
1067
3231
3183
3180
1002
1012
1017
1025
1030
1036
1039
3178
980
3167
748
769
808
817
812
815
831
841
849
856
851
851
857
862
869
872
872
874
877
881
884
888
894
896
898
903
907
909
911
917
921
924
930
933
937
940
943
948
954
960
965
971
977
982
988
994
1000
1009
1023
1038
1056
1079
1113
1067
3231
3183
3180
1002
1012
1017
1025
1030
1036
1039
3178
980
3167
748
769
808
817
812
815
831
841
849
856
851
851
857
862
869
872
872
874
877
881
884
888
894
896
898
903
907
909
911
917
921
924
930
933
937
940
943
948
954
960
965
971
977
982
988
994
1000
1009
1023
1038
1056
1079
1113
1067
3231
3183
3180
1002
1012
1017
1025
1030
1036
1039
3178
980
3167
748
769
808
817
812
815
831
841
849
856
851
851
857
862
869
872
872
874
877
881
884
888
894
896
898
903
907
909
911
917
921
924
930
933
937
940
943
948
954
960
965
971
977
982
988
994
1000
1009
1023
1038
1056
1079
1113
1067
3231
3183
3180
1002
1012
1017
1025
1030
1036
1039
3178
980
3167
748
769
808
817
812
815
831
841
849
856
851
851
857
862
869
872
872
874
877
881
884
888
894
896
898
903
907
909
911
917
921
924
930
933
937
940
943
948
954
960
965
971
977
982
988
994
1000
1009
1023
1038
1056
1079
1113
1067
3231
3183
3180
1002
1012
1017
1025
1030
1036
1039
3178
980
3167
748
769
808
817
812
815
831
841
849
856
851
851
857
862
869
872
872
874
877
881
884
888
894
896
898
903
907
909
911
917
921
924
930
933
937
940
943
948
954
960
965
971
977
982
988
994
1000
1009
1023
1038
1056
1079
1113
1067
3231
3183
3180
1002
1012
1017
1025
1030
1036
1039
3178
980
3167
748
769
808
817
812
815
831
841
849
856
851
851
857
862
869
872
872
874
877
881
884
888
894
896
898
903
907
909
911
917
921
924
930
933
937
940
943
948
954
960
965
971
977
982
988
994
1000
1009
1023
1038
1056
1079
1113
1067
3231
3183
3180
1002
1012
1017
1025
1030
1036
1039
3178
980
3167
748
769
808
817
812
815
831
841
849
856
851
851
857
862
869
872
872
874
877
881
884
888
894
896
898
903
907
909
911
917
921
924
930
933
937
940
943
948
954
960
965
971
977
982
988
994
1000
1009
1023
1038
1056
1079
1113
1067
3231
3183
3180
1002
1012
1017
1025
1030
1036
1039
3178
980
3167
748
769
808
817
812
815
831
841
849
856
851
851
857
862
869
872
872
874
877
881
884
888
894
896
898
903
907
909
911
917
921
924
930
933
937
940
943
948
954
960
965
971
977
982
988
994
1000
1009
1023
1038
1056
1079
1113
1067
3231
3183
3180
1002
1012
1017
1025
1030
1036
1039
3178
980
3167
748
769
808
817
812
815
831
841
849
856
851
851
857
862
869
872
872
874
877
881
884
888
894
896
898
903
907
909
911
917
921
924
930
933
937
940
943
948
954
960
965
971
977
982
988
994
1000
1009
1023
1038
1056
1079
1113
1067
3231
3183
3180
1002
1012
1017
1025
1030
1036
1039
3178
980
3167
748
769
808
817
812
815
831
841
849
856
851
851
857
862
869
872
872
874
877
881
884
888
894
896
898
903
907
909
911
917
921
924
930
933
937
940
943
948
954
960
965
971
977
982
988
994
1000
1009
1023
1038
1056
1079
1113
1067
3231
3183
3180
1002
1012
1017
1025
1030
1036
1039
3178
980
3167
748
769
808
817
812
815
831
841
849
856
851
851
857
862
869
872
872
874
877
881
884
888
894
896
898
903
907
909
911
917
921
924
930
933
937
940
943
948
954
960
965
971
977
982
988
994
1000
1009
1023
1038
1056
1079
1113
1067
3231
3183
3180
1002
1012
1017
1025
1030
1036
1039
3178
980
3167
748
769
808
817
812
815
831
841
849
856
851
851
857
862
869
872
872
874
877
881
884
888
894
896
898
903
907
909
911
917
921
924
930
933
937
940
943
948
954
960
965
971
977
982
988
994
1000
1009
1023
1038
1056
1079
1113
1067
3231
3183
3180
1002
1012
1017
1025
1030
1036
1039
3178
980
3167
748
769
808
817
812
815
831
841
849
856
851
851
857
862
869
872
872
874
877
881
884
888
894
896
898
903
907
909
911
917
921
924
930
933
937
940
943
948
954
960
965
971
977
982
988
994
1000
1009
1023
1038
1056
1079
1113
1067
3231
3183
3180
1002
1012
1017
1025
1030
1036
1039
3178
980
3167
748
769
808
817
812
815
831
841
849
856
851
851
857
862
869
872
872
874
877
881
884
888
894
896
898
903
907
909
911
917
921
924
930
933
937
940
943
948
954
960
965
971
977
982
988
994
1000
1009
1023
1038
1056
1079
1113
1067
3231
3183
3180
1002
1012
1017
1025
1030
1036
1039
3178
980
3167
748
769
808
817
812
815
831
841
849
856
851
851
857
862
869
872
872
874
877
881
884
888
894
896
898
903
907
909
911
917
921
924
930
933
937
940
943
948
954
960
965
971
977
982
988
994
1000
1009
1023
1038
1056
1079
1113
1067
3231
3183
3180
1002
1012
1017
1025
1030
1036
1039
3178
980
3167
748
769
808
817
812
815
831
841
849
856
851
851
857
862
869
872
872
874
877
881
884
888
894
896
898
903
907
909
911
917
921
924
930
933
937
940
943
948
954
960
965
971
977
982
988
994
1000
1009
1023
1038
1056
1079
1113
1067
3231
3183
3180
1002
1012
1017
1025
1030
1036
1039
3178
980
3167
748
769
808
817
812
815
831
841
849
856
851
851
857
862
869
872
872
874
877
881
884
888
894
896
898
903
907
909
911
917
921
924
930
933
937
940
943
948
954
960
965
971
977
982
988
994
1000
1009
1023
1038
1056
1079
1113
1067
3231
3183
3180
1002
1012
1017
1025
1030
1036
1039
3178
980
3167
748
769
808
817
812
815
831
841
849
856
851
851
857
862
869
872
872
874
877
881
884
888
894
896
898
903
907
909
911
917
921
924
930
933
937
940
943
948
954
960
965
971
977
982
988
994
1000
1009
1023
1038
1056
1079
1113
1067
3231
3183
3180
1002
1012
1017
1025
1030
1036
1039
3178
980
3167
748
769
808
817
812
815
831
841
849
856
851
851
857
862
869
872
872
874
877
881
884
888
894
896
898
903
907
909
911
917
921
924
930
933
937
940
943
948
954
960
965
971
977
982
988
994
1000
1009
1023
1038
1056
1079
1113
1067
3231
3183
3180
1002
1012
1017
1025
1030
1036
1039
3178
980
3167
748
769
808
817
812
815
831
841
849
856
851
851
857
862
869
872
872
874
877
881
884
888
894
896
898
903
907
909
911
917
921
924
930
933
937
940
943
948
954
960
965
971
977
982
988
994
1000
1009
1023
1038
1056
1079
1113
1067
3231
3183
3180
1002
1012
1017
1025
1030
1036
1039
3178
980
3167
748
769
808
817
812
815
831
841
849
856
851
851
857
862
869
872
872
874
877
881
884
888
894
896
898
903
907
909
911
917
921
924
930
933
937
940
943
948
954
960
965
971
977
982
988
994
1000
1009
1023
1038
1056
1079
1113
1067
3231
3183
3180
1002
1012
1017
1025
1030
1036
1039
3178
980
3167
808
813
831
840
842
846
856
862
868
874
874
876
880
884
889
892
893
895
899
903
906
910
914
917
920
923
927
929
932
938
942
945
950
954
957
960
963
968
974
980
986
991
997
1003
1008
1014
1020
1029
1043
1058
1077
1100
1134
1176
3252
3203
3200
1022
1033
1038
1046
1050
1056
1059
3199
1000
3187
