3152
3152
3152
3152
3152
3152
3152
3152
3153
3153
3153
3153
3154
3154
3154
3154
3155
3155
3156
3157
3158
3159
3160
3161
3163
3165
3166
3168
3171
3177
3183
3191
3202
3217
3242
3278
1251
1175
1138
1118
1103
1091
1081
1073
1065
1059
1053
1046
1038
1031
1026
1022
1019
1018
1019
1022
1039
1051
1044
1040
1036
1034
1032
1031
1039
1046
1009
3152
3152
3152
3152
3152
3152
3152
3152
3153
3153
3153
3153
3154
3154
3154
3154
3155
3155
3156
3157
3158
3159
3160
3161
3163
3165
3166
3168
3171
3177
3183
3191
3202
3217
3242
3278
1251
1175
1138
1118
1103
1091
1081
1073
1065
1059
1053
1046
1038
1031
1026
1022
1019
1018
1019
1022
1039
1051
1044
1040
1036
1034
1032
1031
1039
1046
1009
3152
3152
3152
3152
3152
3152
3152
3152
3153
3153
3153
3153
3154
3154
3154
3154
3155
3155
3156
3157
3158
3159
3160
3161
3163
3165
3166
3168
3171
3177
3183
3191
3202
3217
3242
3278
1251
1175
1138
1118
1103
1091
1081
1073
1065
1059
1053
1046
1038
1031
1026
1022
1019
1018
1019
1022
1039
1051
1044
1040
1036
1034
1032
1031
1039
1046
1009
3152
3152
3152
3152
3152
3152
3152
3152
3153
3153
3153
3153
3154
3154
3154
3154
3155
3155
3156
3157
3158
3159
3160
3161
3163
3165
3166
3168
3171
3177
3183
3191
3202
3217
3242
3278
1251
1175
1138
1118
1103
1091
1081
1073
1065
1059
1053
1046
1038
1031
1026
1022
1019
1018
1019
1022
1039
1051
1044
1040
1036
1034
1032
1031
1039
1046
1009
3152
3152
3152
3152
3152
3152
3152
3152
3153
3153
3153
3153
3154
3154
3154
3154
3155
3155
3156
3157
3158
3159
3160
3161
3163
3165
3166
3168
3171
3177
3183
3191
3202
3217
3242
3278
1251
1175
1138
1118
1103
1091
1081
1073
1065
1059
1053
1046
1038
1031
1026
1022
1019
1018
1019
1022
1039
1051
1044
1040
1036
1034
1032
1031
1039
1046
1009
3152
3152
3152
3152
3152
3152
3152
3152
3153
3153
3153
3153
3154
3154
3154
3154
3155
3155
3156
3157
3158
3159
3160
3161
3163
3165
3166
3168
3171
3177
3183
3191
3202
3217
3242
3278
1251
1175
1138
1118
1103
1091
1081
1073
1065
1059
1053
1046
1038
1031
1026
1022
1019
1018
1019
1022
1039
1051
1044
1040
1036
1034
1032
1031
1039
1046
1009
3152
3152
3152
3152
3152
3152
3152
3152
3153
3153
3153
3153
3154
3154
3154
3154
3155
3155
3156
3157
3158
3159
3160
3161
3163
3165
3166
3168
3171
3177
3183
3191
3202
3217
3242
3278
1251
1175
1138
1118
1103
1091
1081
1073
1065
1059
1053
1046
1038
1031
1026
1022
1019
1018
1019
1022
1039
1051
1044
1040
1036
1034
1032
1031
1039
1046
1009
3152
3152
3152
3152
3152
3152
3152
3152
3153
3153
3153
3153
3154
3154
3154
3154
3155
3155
3156
3157
3158
3159
3160
3161
3163
3165
3166
3168
3171
3177
3183
3191
3202
3217
3242
3278
1251
1175
1138
1118
1103
1091
1081
1073
1065
1059
1053
1046
1038
1031
1026
1022
1019
1018
1019
1022
1039
1051
1044
1040
1036
1034
1032
1031
1039
1046
1009
3152
3152
3152
3152
3152
3152
3152
3152
3153
3153
3153
3153
3154
3154
3154
3154
3155
3155
3156
3157
3158
3159
3160
3161
3163
3165
3166
3168
3171
3177
3183
3191
3202
3217
3242
3278
1251
1175
1138
1118
1103
1091
1081
1073
1065
1059
1053
1046
1038
1031
1026
1022
1019
1018
1019
1022
1039
1051
1044
1040
1036
1034
1032
1031
1039
1046
1009
3152
3152
3152
3152
3152
3152
3152
3152
3153
3153
3153
3153
3154
3154
3154
3154
3155
3155
3156
3157
3158
3159
3160
3161
3163
3165
3166
3168
3171
3177
3183
3191
3202
3217
3242
3278
1251
1175
1138
1118
1103
1091
1081
1073
1065
1059
1053
1046
1038
1031
1026
1022
1019
1018
1019
1022
1039
1051
1044
1040
1036
1034
1032
1031
1039
1046
1009
3152
3152
3152
3152
3152
3152
3152
3152
3153
3153
3153
3153
3154
3154
3154
3154
3155
3155
3156
3157
3158
3159
3160
3161
3163
3165
3166
3168
3171
3177
3183
3191
3202
3217
3242
3278
1251
1175
1138
1118
1103
1091
1081
1073
1065
1059
1053
1046
1038
1031
1026
1022
1019
1018
1019
1022
1039
1051
1044
1040
1036
1034
1032
1031
1039
1046
1009
3152
3152
3152
3152
3152
3152
3152
3152
3153
3153
3153
3153
3154
3154
3154
3154
3155
3155
3156
3157
3158
3159
3160
3161
3163
3165
3166
3168
3171
3177
3183
3191
3202
3217
3242
3278
1251
1175
1138
1118
1103
1091
1081
1073
1065
1059
1053
1046
1038
1031
1026
1022
1019
1018
1019
1022
1039
1051
1044
1040
1036
1034
1032
1031
1039
1046
1009
3152
3152
3152
3152
3152
3152
3152
3152
3153
3153
3153
3153
3154
3154
3154
3154
3155
3155
3156
3157
3158
3159
3160
3161
3163
3165
3166
3168
3171
3177
3183
3191
3202
3217
3242
3278
1251
1175
1138
1118
1103
1091
1081
1073
1065
1059
1053
1046
1038
1031
1026
1022
1019
1018
1019
1022
1039
1051
1044
1040
1036
1034
1032
1031
1039
1046
1009
3152
3152
3152
3152
3152
3152
3152
3152
3153
3153
3153
3153
3154
3154
3154
3154
3155
3155
3156
3157
3158
3159
3160
3161
3163
3165
3166
3168
3171
3177
3183
3191
3202
3217
3242
3278
1251
1175
1138
1118
1103
1091
1081
1073
1065
1059
1053
1046
1038
1031
1026
1022
1019
1018
1019
1022
1039
1051
1044
1040
1036
1034
1032
1031
1039
1046
1009
3152
3152
3152
3152
3152
3152
3152
3152
3153
3153
3153
3153
3154
3154
3154
3154
3155
3155
3156
3157
3158
3159
3160
3161
3163
3165
3166
3168
3171
3177
3183
3191
3202
3217
3242
3278
1251
1175
1138
1118
1103
1091
1081
1073
1065
1059
1053
1046
1038
1031
1026
1022
1019
1018
1019
1022
1039
1051
1044
1040
1036
1034
1032
1031
1039
1046
1009
3152
3152
3152
3152
3152
3152
3152
3152
3153
3153
3153
3153
3154
3154
3154
3154
3155
3155
3156
3157
3158
3159
3160
3161
3163
3165
3166
3168
3171
3177
3183
3191
3202
3217
3242
3278
1251
1175
1138
1118
1103
1091
1081
1073
1065
1059
1053
1046
1038
1031
1026
1022
1019
1018
1019
1022
1039
1051
1044
1040
1036
1034
1032
1031
1039
1046
1009
3152
3152
3152
3152
3152
3152
3152
3152
3153
3153
3153
3153
3154
3154
3154
3154
3155
3155
3156
3157
3158
3159
3160
3161
3163
3165
3166
3168
3171
3177
3183
3191
3202
3217
3242
3278
1251
1175
1138
1118
1103
1091
1081
1073
1065
1059
1053
1046
1038
1031
1026
1022
1019
1018
1019
1022
1039
1051
1044
1040
1036
1034
1032
1031
1039
1046
1009
3152
3152
3152
3152
3152
3152
3152
3152
3153
3153
3153
3153
3154
3154
3154
3154
3155
3155
3156
3157
3158
3159
3160
3161
3163
3165
3166
3168
3171
3177
3183
3191
3202
3217
3242
3278
1251
1175
1138
1118
1103
1091
1081
1073
1065
1059
1053
1046
1038
1031
1026
1022
1019
1018
1019
1022
1039
1051
1044
1040
1036
1034
1032
1031
1039
1046
1009
3152
3152
3152
3152
3152
3152
3152
3152
3153
3153
3153
3153
3154
3154
3154
3154
3155
3155
3156
3157
3158
3159
3160
3161
3163
3165
3166
3168
3171
3177
3183
3191
3202
3217
3242
3278
1251
1175
1138
1118
1103
1091
1081
1073
1065
1059
1053
1046
1038
1031
1026
1022
1019
1018
1019
1022
1039
1051
1044
1040
1036
1034
1032
1031
1039
1046
1009
3152
3152
3152
3152
3152
3152
3152
3152
3153
3153
3153
3153
3154
3154
3154
3154
3155
3155
3156
3157
3158
3159
3160
3161
3163
3165
3166
3168
3171
3177
3183
3191
3202
3217
3242
3278
1251
1175
1138
1118
1103
1091
1081
1073
1065
1059
1053
1046
1038
1031
1026
1022
1019
1018
1019
1022
1039
1051
1044
1040
1036
1034
1032
1031
1039
1046
1009
3152
3152
3152
3152
3152
3152
3152
3152
3153
3153
3153
3153
3154
3154
3154
3154
3155
3155
3156
3157
3158
3159
3160
3161
3163
3165
3166
3168
3171
3177
3183
3191
3202
3217
3242
3278
1251
1175
1138
1118
1103
1091
1081
1073
1065
1059
1053
1046
1038
1031
1026
1022
1019
1018
1019
1022
1039
1051
1044
1040
1036
1034
1032
1031
1039
1046
1009
3152
3152
3152
3152
3152
3152
3152
3152
3153
3153
3153
3153
3154
3154
3154
3154
3155
3155
3156
3157
3158
3159
3160
3161
3163
3165
3166
3168
3171
3177
3183
3191
3202
3217
3242
3278
1251
1175
1138
1118
1103
1091
1081
1073
1065
1059
1053
1046
1038
1031
1026
1022
1019
1018
1019
1022
1039
1051
1044
1040
1036
1034
1032
1031
1039
1046
1009
3152
3152
3152
3152
3152
3152
3152
3152
3153
3153
3153
3153
3154
3154
3154
3154
3155
3155
3156
3157
3158
3159
3160
3161
3163
3165
3166
3168
3171
3177
3183
3191
3202
3217
3242
3278
1251
1175
1138
1118
1103
1091
1081
1073
1065
1059
1053
1046
1038
1031
1026
1022
1019
1018
1019
1022
1039
1051
1044
1040
1036
1034
1032
1031
1039
1046
1009
3152
3152
3152
3152
3152
3152
3152
3152
3153
3153
3153
3153
3154
3154
3154
3154
3155
3155
3156
3157
3158
3159
3160
3161
3163
3165
3166
3168
3171
3177
3183
3191
3202
3217
3242
3278
1251
1175
1138
1118
1103
1091
1081
1073
1065
1059
1053
1046
1038
1031
1026
1022
1019
1018
1019
1022
1039
1051
1044
1040
1036
1034
1032
1031
1039
1046
1009
3152
3152
3152
3152
3152
3152
3152
3152
3153
3153
3153
3153
3154
3154
3154
3154
3155
3155
3156
3157
3158
3159
3160
3161
3163
3165
3166
3168
3171
3177
3183
3191
3202
3217
3242
3278
1251
1175
1138
1118
1103
1091
1081
1073
1065
1059
1053
1046
1038
1031
1026
1022
1019
1018
1019
1022
1039
1051
1044
1040
1036
1034
1032
1031
1039
1046
1009
3152
3152
3152
3152
3152
3152
3152
3152
3153
3153
3153
3153
3154
3154
3154
3154
3155
3155
3156
3157
3158
3159
3160
3161
3163
3165
3166
3168
3171
3177
3183
3191
3202
3217
3242
3278
1251
1175
1138
1118
1103
1091
1081
1073
1065
1059
1053
1046
1038
1031
1026
1022
1019
1018
1019
1022
1039
1051
1044
1040
1036
1034
1032
1031
1039
1046
1009
3152
3152
3152
3152
3152
3152
3152
3152
3153
3153
3153
3153
3154
3154
3154
3154
3155
3155
3156
3157
3158
3159
3160
3161
3163
3165
3166
3168
3171
3177
3183
3191
3202
3217
3242
3278
1251
1175
1138
1118
1103
1091
1081
1073
1065
1059
1053
1046
1038
1031
1026
1022
1019
1018
1019
1022
1039
1051
1044
1040
1036
1034
1032
1031
1039
1046
1009
3152
3152
3152
3152
3152
3152
3152
3152
3153
3153
3153
3153
3154
3154
3154
3154
3155
3155
3156
3157
3158
3159
3160
3161
3163
3165
3166
3168
3171
3177
3183
3191
3202
3217
3242
3278
1251
1175
1138
1118
1103
1091
1081
1073
1065
1059
1053
1046
1038
1031
1026
1022
1019
1018
1019
1022
1039
1051
1044
1040
1036
1034
1032
1031
1039
1046
1009
3152
3152
3152
3152
3152
3152
3152
3152
3153
3153
3153
3153
3154
3154
3154
3154
3155
3155
3156
3157
3158
3159
3160
3161
3163
3165
3166
3168
3171
3177
3183
3191
3202
3217
3242
3278
1251
1175
1138
1118
1103
1091
1081
1073
1065
1059
1053
1046
1038
1031
1026
1022
1019
1018
1019
1022
1039
1051
1044
1040
1036
1034
1032
1031
1039
1046
1009
3152
3152
3152
3152
3152
3152
3152
3152
3153
3153
3153
3153
3154
3154
3154
3154
3155
3155
3156
3157
3158
3159
3160
3161
3163
3165
3166
3168
3171
3177
3183
3191
3202
3217
3242
3278
1251
1175
1138
1118
1103
1091
1081
1073
1065
1059
1053
1046
1038
1031
1026
1022
1019
1018
1019
1022
1039
1051
1044
1040
1036
1034
1032
1031
1039
1046
1009
3152
3152
3152
3152
3152
3152
3152
3152
3153
3153
3153
3153
3154
3154
3154
3154
3155
3155
3156
3157
3158
3159
3160
3161
3163
3165
3166
3168
3171
3177
3183
3191
3202
3217
3242
3278
1251
1175
1138
1118
1103
1091
1081
1073
1065
1059
1053
1046
1038
1031
1026
1022
1019
1018
1019
1022
1039
1051
1044
1040
1036
1034
1032
1031
1039
1046
1009
3152
3152
3152
3152
3152
3152
3152
3152
3153
3153
3153
3153
3154
3154
3154
3154
3155
3155
3156
3157
3158
3159
3160
3161
3163
3165
3166
3168
3171
3177
3183
3191
3202
3217
3242
3278
1251
1175
1138
1118
1103
1091
1081
1073
1065
1059
1053
1046
1038
1031
1026
1022
1019
1018
1019
1022
1039
1051
1044
1040
1036
1034
1032
1031
1039
1046
1009
3152
3152
3152
3152
3152
3152
3152
3152
3153
3153
3153
3153
3154
3154
3154
3154
3155
3155
3156
3157
3158
3159
3160
3161
3163
3165
3166
3168
3171
3177
3183
3191
3202
3217
3242
3278
1251
1175
1138
1118
1103
1091
1081
1073
1065
1059
1053
1046
1038
1031
1026
1022
1019
1018
1019
1022
1039
1051
1044
1040
1036
1034
1032
1031
1039
1046
1009
3152
3152
3152
3152
3152
3152
3152
3152
3153
3153
3153
3153
3154
3154
3154
3154
3155
3155
3156
3157
3158
3159
3160
3161
3163
3165
3166
3168
3171
3177
3183
3191
3202
3217
3242
3278
1251
1175
1138
1118
1103
1091
1081
1073
1065
1059
1053
1046
1038
1031
1026
1022
1019
1018
1019
1022
1039
1051
1044
1040
1036
1034
1032
1031
1039
1046
1009
3152
3152
3152
3152
3152
3152
3152
3152
3153
3153
3153
3153
3154
3154
3154
3154
3155
3155
3156
3157
3158
3159
3160
3161
3163
3165
3166
3168
3171
3177
3183
3191
3202
3217
3242
3278
1251
1175
1138
1118
1103
1091
1081
1073
1065
1059
1053
1046
1038
1031
1026
1022
1019
1018
1019
1022
1039
1051
1044
1040
1036
1034
1032
1031
1039
1046
1009
3152
3152
3152
3152
3152
3152
3152
3152
3153
3153
3153
3153
3154
3154
3154
3154
3155
3155
3156
3157
3158
3159
3160
3161
3163
3165
3166
3168
3171
3177
3183
3191
3202
3217
3242
3278
1251
1175
1138
1118
1103
1091
1081
1073
1065
1059
1053
1046
1038
1031
1026
1022
1019
1018
1019
1022
1039
1051
1044
1040
1036
1034
1032
1031
1039
1046
1009
3152
3152
3152
3152
3152
3152
3152
3152
3153
3153
3153
3153
3154
3154
3154
3154
3155
3155
3156
3157
3158
3159
3160
3161
3163
3165
3166
3168
3171
3177
3183
3191
3202
3217
3242
3278
1251
1175
1138
1118
1103
1091
1081
1073
1065
1059
1053
1046
1038
1031
1026
1022
1019
1018
1019
1022
1039
1051
1044
1040
1036
1034
1032
1031
1039
1046
1009
3152
3152
3152
3152
3152
3152
3152
3152
3153
3153
3153
3153
3154
3154
3154
3154
3155
3155
3156
3157
3158
3159
3160
3161
3163
3165
3166
3168
3171
3177
3183
3191
3202
3217
3242
3278
1251
1175
1138
1118
1103
1091
1081
1073
1065
1059
1053
1046
1038
1031
1026
1022
1019
1018
1019
1022
1039
1051
1044
1040
1036
1034
1032
1031
1039
1046
1009
3152
3152
3152
3152
3152
3152
3152
3152
3153
3153
3153
3153
3154
3154
3154
3154
3155
3155
3156
3157
3158
3159
3160
3161
3163
3165
3166
3168
3171
3177
3183
3191
3202
3217
3242
3278
1251
1175
1138
1118
1103
1091
1081
1073
1065
1059
1053
1046
1038
1031
1026
1022
1019
1018
1019
1022
1039
1051
1044
1040
1036
1034
1032
1031
1039
1046
1009
3152
3152
3152
3152
3152
3152
3152
3152
3153
3153
3153
3153
3154
3154
3154
3154
3155
3155
3156
3157
3158
3159
3160
3161
3163
3165
3166
3168
3171
3177
3183
3191
3202
3217
3242
3278
1251
1175
1138
1118
1103
1091
1081
1073
1065
1059
1053
1046
1038
1031
1026
1022
1019
1018
1019
1022
1039
1051
1044
1040
1036
1034
1032
1031
1039
1046
1009
3152
3152
3152
3152
3152
3152
3152
3152
3153
3153
3153
3153
3154
3154
3154
3154
3155
3155
3156
3157
3158
3159
3160
3161
3163
3165
3166
3168
3171
3177
3183
3191
3202
3217
3242
3278
1251
1175
1138
1118
1103
1091
1081
1073
1065
1059
1053
1046
1038
1031
1026
1022
1019
1018
1019
1022
1039
1051
1044
1040
1036
1034
1032
1031
1039
1046
1009
3152
3152
3152
3152
3152
3152
3152
3152
3153
3153
3153
3153
3154
3154
3154
3154
3155
3155
3156
3157
3158
3159
3160
3161
3163
3165
3166
3168
3171
3177
3183
3191
3202
3217
3242
3278
1251
1175
1138
1118
1103
1091
1081
1073
1065
1059
1053
1046
1038
1031
1026
1022
1019
1018
1019
1022
1039
1051
1044
1040
1036
1034
1032
1031
1039
1046
1009
3152
3152
3152
3152
3152
3152
3152
3152
3153
3153
3153
3153
3154
3154
3154
3154
3155
3155
3156
3157
3158
3159
3160
3161
3163
3165
3166
3168
3171
3177
3183
3191
3202
3217
3242
3278
1251
1175
1138
1118
1103
1091
1081
1073
1065
1059
1053
1046
1038
1031
1026
1022
1019
1018
1019
1022
1039
1051
1044
1040
1036
1034
1032
1031
1039
1046
1009
3152
3152
3152
3152
3152
3152
3152
3152
3153
3153
3153
3153
3154
3154
3154
3154
3155
3155
3156
3157
3158
3159
3160
3161
3163
3165
3166
3168
3171
3177
3183
3191
3202
3217
3242
3278
1251
1175
1138
1118
1103
1091
1081
1073
1065
1059
1053
1046
1038
1031
1026
1022
1019
1018
1019
1022
1039
1051
1044
1040
1036
1034
1032
1031
1039
1046
1009
3152
3152
3152
3152
3152
3152
3152
3152
3153
3153
3153
3153
3154
3154
3154
3154
3155
3155
3156
3157
3158
3159
3160
3161
3163
3165
3166
3168
3171
3177
3183
3191
3202
3217
3242
3278
1251
1175
1138
1118
1103
1091
1081
1073
1065
1059
1053
1046
1038
1031
1026
1022
1019
1018
1019
1022
1039
1051
1044
1040
1036
1034
1032
1031
1039
1046
1009
3152
3152
3152
3152
3152
3152
3152
3152
3153
3153
3153
3153
3154
3154
3154
3154
3155
3155
3156
3157
3158
3159
3160
3161
3163
3165
3166
3168
3171
3177
3183
3191
3202
3217
3242
3278
1251
1175
1138
1118
1103
1091
1081
1073
1065
1059
1053
1046
1038
1031
1026
1022
1019
1018
1019
1022
1039
1051
1044
1040
1036
1034
1032
1031
1039
1046
1009
3152
3152
3152
3152
3152
3152
3152
3152
3153
3153
3153
3153
3154
3154
3154
3154
3155
3155
3156
3157
3158
3159
3160
3161
3163
3165
3166
3168
3171
3177
3183
3191
3202
3217
3242
3278
1251
1175
1138
1118
1103
1091
1081
1073
1065
1059
1053
1046
1038
1031
1026
1022
1019
1018
1019
1022
1039
1051
1044
1040
1036
1034
1032
1031
1039
1046
1009
3152
3152
3152
3152
3152
3152
3152
3152
3153
3153
3153
3153
3154
3154
3154
3154
3155
3155
3156
3157
3158
3159
3160
3161
3163
3165
3166
3168
3171
3177
3183
3191
3202
3217
3242
3278
1251
1175
1138
1118
1103
1091
1081
1073
1065
1059
1053
1046
1038
1031
1026
1022
1019
1018
1019
1022
1039
1051
1044
1040
1036
1034
1032
1031
1039
1046
1009
3152
3152
3152
3152
3152
3152
3152
3152
3153
3153
3153
3153
3154
3154
3154
3154
3155
3155
3156
3157
3158
3159
3160
3161
3163
3165
3166
3168
3171
3177
3183
3191
3202
3217
3242
3278
1251
1175
1138
1118
1103
1091
1081
1073
1065
1059
1053
1046
1038
1031
1026
1022
1019
1018
1019
1022
1039
1051
1044
1040
1036
1034
1032
1031
1039
1046
1009
3152
3152
3152
3152
3152
3152
3152
3152
3153
3153
3153
3153
3154
3154
3154
3154
3155
3155
3156
3157
3158
3159
3160
3161
3163
3165
3166
3168
3171
3177
3183
3191
3202
3217
3242
3278
1251
1175
1138
1118
1103
1091
1081
1073
1065
1059
1053
1046
1038
1031
1026
1022
1019
1018
1019
1022
1039
1051
1044
1040
1036
1034
1032
1031
1039
1046
1009
3152
3152
3152
3152
3152
3152
3152
3152
3153
3153
3153
3153
3154
3154
3154
3154
3155
3155
3156
3157
3158
3159
3160
3161
3163
3165
3166
3168
3171
3177
3183
3191
3202
3217
3242
3278
1251
1175
1138
1118
1103
1091
1081
1073
1065
1059
1053
1046
1038
1031
1026
1022
1019
1018
1019
1022
1039
1051
1044
1040
1036
1034
1032
1031
1039
1046
1009
3152
3152
3152
3152
3152
3152
3152
3152
3153
3153
3153
3153
3154
3154
3154
3154
3155
3155
3156
3157
3158
3159
3160
3161
3163
3165
3166
3168
3171
3177
3183
3191
3202
3217
3242
3278
1251
1175
1138
1118
1103
1091
1081
1073
1065
1059
1053
1046
1038
1031
1026
1022
1019
1018
1019
1022
1039
1051
1044
1040
1036
1034
1032
1031
1039
1046
1009
3152
3152
3152
3152
3152
3152
3152
3152
3153
3153
3153
3153
3154
3154
3154
3154
3155
3155
3156
3157
3158
3159
3160
3161
3163
3165
3166
3168
3171
3177
3183
3191
3202
3217
3242
3278
1251
1175
1138
1118
1103
1091
1081
1073
1065
1059
1053
1046
1038
1031
1026
1022
1019
1018
1019
1022
1039
1051
1044
1040
1036
1034
1032
1031
1039
1046
1009
3152
3152
3152
3152
3152
3152
3152
3152
3153
3153
3153
3153
3154
3154
3154
3154
3155
3155
3156
3157
3158
3159
3160
3161
3163
3165
3166
3168
3171
3177
3183
3191
3202
3217
3242
3278
1251
1175
1138
1118
1103
1091
1081
1073
1065
1059
1053
1046
1038
1031
1026
1022
1019
1018
1019
1022
1039
1051
1044
1040
1036
1034
1032
1031
1039
1046
1009
3152
3152
3152
3152
3152
3152
3152
3152
3153
3153
3153
3153
3154
3154
3154
3154
3155
3155
3156
3157
3158
3159
3160
3161
3163
3165
3166
3168
3171
3177
3183
3191
3202
3217
3242
3278
1251
1175
1138
1118
1103
1091
1081
1073
1065
1059
1053
1046
1038
1031
1026
1022
1019
1018
1019
1022
1039
1051
1044
1040
1036
1034
1032
1031
1039
1046
1009
3152
3152
3152
3152
3152
3152
3152
3152
3153
3153
3153
3153
3154
3154
3154
3154
3155
3155
3156
3157
3158
3159
3160
3161
3163
3165
3166
3168
3171
3177
3183
3191
3202
3217
3242
3278
1251
1175
1138
1118
1103
1091
1081
1073
1065
1059
1053
1046
1038
1031
1026
1022
1019
1018
1019
1022
1039
1051
1044
1040
1036
1034
1032
1031
1039
1046
1009
3152
3152
3152
3152
3152
3152
3152
3152
3153
3153
3153
3153
3154
3154
3154
3154
3155
3155
3156
3157
3158
3159
3160
3161
3163
3165
3166
3168
3171
3177
3183
3191
3202
3217
3242
3278
1251
1175
1138
1118
1103
1091
1081
1073
1065
1059
1053
1046
1038
1031
1026
1022
1019
1018
1019
1022
1039
1051
1044
1040
1036
1034
1032
1031
1039
1046
1009
3152
3152
3152
3152
3152
3152
3152
3152
3153
3153
3153
3153
3154
3154
3154
3154
3155
3155
3156
3157
3158
3159
3160
3161
3163
3165
3166
3168
3171
3177
3183
3191
3202
3217
3242
3278
1251
1175
1138
1118
1103
1091
1081
1073
1065
1059
1053
1046
1038
1031
1026
1022
1019
1018
1019
1022
1039
1051
1044
1040
1036
1034
1032
1031
1039
1046
1009
3152
3152
3152
3152
3152
3152
3152
3152
3153
3153
3153
3153
3154
3154
3154
3154
3155
3155
3156
3157
3158
3159
3160
3161
3163
3165
3166
3168
3171
3177
3183
3191
3202
3217
3242
3278
1251
1175
1138
1118
1103
1091
1081
1073
1065
1059
1053
1046
1038
1031
1026
1022
1019
1018
1019
1022
1039
1051
1044
1040
1036
1034
1032
1031
1039
1046
1009
3152
3152
3152
3152
3152
3152
3152
3152
3153
3153
3153
3153
3154
3154
3154
3154
3155
3155
3156
3157
3158
3159
3160
3161
3163
3165
3166
3168
3171
3177
3183
3191
3202
3217
3242
3278
1251
1175
1138
1118
1103
1091
1081
1073
1065
1059
1053
1046
1038
1031
1026
1022
1019
1018
1019
1022
1039
1051
1044
1040
1036
1034
1032
1031
1039
1046
1009
3152
3152
3152
3152
3152
3152
3152
3152
3153
3153
3153
3153
3154
3154
3154
3154
3155
3155
3156
3157
3158
3159
3160
3161
3163
3165
3166
3168
3171
3177
3183
3191
3202
3217
3242
3278
1251
1175
1138
1118
1103
1091
1081
1073
1065
1059
1053
1046
1038
1031
1026
1022
1019
1018
1019
1022
1039
1051
1044
1040
1036
1034
1032
1031
1039
1046
1009
3152
3152
3152
3152
3152
3152
3152
3152
3153
3153
3153
3153
3154
3154
3154
3154
3155
3155
3156
3157
3158
3159
3160
3161
3163
3165
3166
3168
3171
3177
3183
3191
3202
3217
3242
3278
1251
1175
1138
1118
1103
1091
1081
1073
1065
1059
1053
1046
1038
1031
1026
1022
1019
1018
1019
1022
1039
1051
1044
1040
1036
1034
1032
1031
1039
1046
1009
3152
3152
3152
3152
3152
3152
3152
3152
3153
3153
3153
3153
3154
3154
3154
3154
3155
3155
3156
3157
3158
3159
3160
3161
3163
3165
3166
3168
3171
3177
3183
3191
3202
3217
3242
3278
1251
1175
1138
1118
1103
1091
1081
1073
1065
1059
1053
1046
1038
1031
1026
1022
1019
1018
1019
1022
1039
1051
1044
1040
1036
1034
1032
1031
1039
1046
1009
3110
3110
3110
3110
3110
3110
3110
3110
3111
3111
3111
3111
3112
3112
3112
3112
3113
3113
3114
3115
3116
3117
3119
3120
3121
3123
3125
3127
3130
3136
3143
3151
3162
3177
3203
3251
1208
1137
1102
1082
1068
1057
1049
1042
1036
1031
1027
1022
1017
1014
1013
1014
1016
1020
1026
1035
1062
1025
1020
1018
1016
1015
1014
1014
1062
1018
1023
