2857
2874
2827
2846
2892
2906
2894
2880
2868
2849
2910
2925
2921
2918
2902
2910
2921
2926
2932
2939
2947
2953
2949
2957
2966
2964
2961
2969
2982
2986
2996
3013
3021
3040
3069
1030
1097
1008
978
960
951
942
935
930
926
922
920
917
913
911
911
911
913
916
921
928
951
919
916
914
913
912
912
911
951
909
916
2857
2874
2827
2846
2892
2906
2894
2880
2868
2849
2910
2925
2921
2918
2902
2910
2921
2926
2932
2939
2947
2953
2949
2957
2966
2964
2961
2969
2982
2986
2996
3013
3021
3040
3069
1030
1097
1008
978
960
951
942
935
930
926
922
920
917
913
911
911
911
913
916
921
928
951
919
916
914
913
912
912
911
951
909
916
2857
2874
2827
2846
2892
2906
2894
2880
2868
2849
2910
2925
2921
2918
2902
2910
2921
2926
2932
2939
2947
2953
2949
2957
2966
2964
2961
2969
2982
2986
2996
3013
3021
3040
3069
1030
1097
1008
978
960
951
942
935
930
926
922
920
917
913
911
911
911
913
916
921
928
951
919
916
914
913
912
912
911
951
909
916
2857
2874
2827
2846
2892
2906
2894
2880
2868
2849
2910
2925
2921
2918
2902
2910
2921
2926
2932
2939
2947
2953
2949
2957
2966
2964
2961
2969
2982
2986
2996
3013
3021
3040
3069
1030
1097
1008
978
960
951
942
935
930
926
922
920
917
913
911
911
911
913
916
921
928
951
919
916
914
913
912
912
911
951
909
916
2857
2874
2827
2846
2892
2906
2894
2880
2868
2849
2910
2925
2921
2918
2902
2910
2921
2926
2932
2939
2947
2953
2949
2957
2966
2964
2961
2969
2982
2986
2996
3013
3021
3040
3069
1030
1097
1008
978
960
951
942
935
930
926
922
920
917
913
911
911
911
913
916
921
928
951
919
916
914
913
912
912
911
951
909
916
2857
2874
2827
2846
2892
2906
2894
2880
2868
2849
2910
2925
2921
2918
2902
2910
2921
2926
2932
2939
2947
2953
2949
2957
2966
2964
2961
2969
2982
2986
2996
3013
3021
3040
3069
1030
1097
1008
978
960
951
942
935
930
926
922
920
917
913
911
911
911
913
916
921
928
951
919
916
914
913
912
912
911
951
909
916
2857
2874
2827
2846
2892
2906
2894
2880
2868
2849
2910
2925
2921
2918
2902
2910
2921
2926
2932
2939
2947
2953
2949
2957
2966
2964
2961
2969
2982
2986
2996
3013
3021
3040
3069
1030
1097
1008
978
960
951
942
935
930
926
922
920
917
913
911
911
911
913
916
921
928
951
919
916
914
913
912
912
911
951
909
916
2857
2874
2827
2846
2892
2906
2894
2880
2868
2849
2910
2925
2921
2918
2902
2910
2921
2926
2932
2939
2947
2953
2949
2957
2966
2964
2961
2969
2982
2986
2996
3013
3021
3040
3069
1030
1097
1008
978
960
951
942
935
930
926
922
920
917
913
911
911
911
913
916
921
928
951
919
916
914
913
912
912
911
951
909
916
2857
2874
2827
2846
2892
2906
2894
2880
2868
2849
2910
2925
2921
2918
2902
2910
2921
2926
2932
2939
2947
2953
2949
2957
2966
2964
2961
2969
2982
2986
2996
3013
3021
3040
3069
1030
1097
1008
978
960
951
942
935
930
926
922
920
917
913
911
911
911
913
916
921
928
951
919
916
914
913
912
912
911
951
909
916
2857
2874
2827
2846
2892
2906
2894
2880
2868
2849
2910
2925
2921
2918
2902
2910
2921
2926
2932
2939
2947
2953
2949
2957
2966
2964
2961
2969
2982
2986
2996
3013
3021
3040
3069
1030
1097
1008
978
960
951
942
935
930
926
922
920
917
913
911
911
911
913
916
921
928
951
919
916
914
913
912
912
911
951
909
916
2857
2874
2827
2846
2892
2906
2894
2880
2868
2849
2910
2925
2921
2918
2902
2910
2921
2926
2932
2939
2947
2953
2949
2957
2966
2964
2961
2969
2982
2986
2996
3013
3021
3040
3069
1030
1097
1008
978
960
951
942
935
930
926
922
920
917
913
911
911
911
913
916
921
928
951
919
916
914
913
912
912
911
951
909
916
2857
2874
2827
2846
2892
2906
2894
2880
2868
2849
2910
2925
2921
2918
2902
2910
2921
2926
2932
2939
2947
2953
2949
2957
2966
2964
2961
2969
2982
2986
2996
3013
3021
3040
3069
1030
1097
1008
978
960
951
942
935
930
926
922
920
917
913
911
911
911
913
916
921
928
951
919
916
914
913
912
912
911
951
909
916
2857
2874
2827
2846
2892
2906
2894
2880
2868
2849
2910
2925
2921
2918
2902
2910
2921
2926
2932
2939
2947
2953
2949
2957
2966
2964
2961
2969
2982
2986
2996
3013
3021
3040
3069
1030
1097
1008
978
960
951
942
935
930
926
922
920
917
913
911
911
911
913
916
921
928
951
919
916
914
913
912
912
911
951
909
916
2857
2874
2827
2846
2892
2906
2894
2880
2868
2849
2910
2925
2921
2918
2902
2910
2921
2926
2932
2939
2947
2953
2949
2957
2966
2964
2961
2969
2982
2986
2996
3013
3021
3040
3069
1030
1097
1008
978
960
951
942
935
930
926
922
920
917
913
911
911
911
913
916
921
928
951
919
916
914
913
912
912
911
951
909
916
2857
2874
2827
2846
2892
2906
2894
2880
2868
2849
2910
2925
2921
2918
2902
2910
2921
2926
2932
2939
2947
2953
2949
2957
2966
2964
2961
2969
2982
2986
2996
3013
3021
3040
3069
1030
1097
1008
978
960
951
942
935
930
926
922
920
917
913
911
911
911
913
916
921
928
951
919
916
914
913
912
912
911
951
909
916
2857
2874
2827
2846
2892
2906
2894
2880
2868
2849
2910
2925
2921
2918
2902
2910
2921
2926
2932
2939
2947
2953
2949
2957
2966
2964
2961
2969
2982
2986
2996
3013
3021
3040
3069
1030
1097
1008
978
960
951
942
935
930
926
922
920
917
913
911
911
911
913
916
921
928
951
919
916
914
913
912
912
911
951
909
916
2857
2874
2827
2846
2892
2906
2894
2880
2868
2849
2910
2925
2921
2918
2902
2910
2921
2926
2932
2939
2947
2953
2949
2957
2966
2964
2961
2969
2982
2986
2996
3013
3021
3040
3069
1030
1097
1008
978
960
951
942
935
930
926
922
920
917
913
911
911
911
913
916
921
928
951
919
916
914
913
912
912
911
951
909
916
2857
2874
2827
2846
2892
2906
2894
2880
2868
2849
2910
2925
2921
2918
2902
2910
2921
2926
2932
2939
2947
2953
2949
2957
2966
2964
2961
2969
2982
2986
2996
3013
3021
3040
3069
1030
1097
1008
978
960
951
942
935
930
926
922
920
917
913
911
911
911
913
916
921
928
951
919
916
914
913
912
912
911
951
909
916
2857
2874
2827
2846
2892
2906
2894
2880
2868
2849
2910
2925
2921
2918
2902
2910
2921
2926
2932
2939
2947
2953
2949
2957
2966
2964
2961
2969
2982
2986
2996
3013
3021
3040
3069
1030
1097
1008
978
960
951
942
935
930
926
922
920
917
913
911
911
911
913
916
921
928
951
919
916
914
913
912
912
911
951
909
916
2857
2874
2827
2846
2892
2906
2894
2880
2868
2849
2910
2925
2921
2918
2902
2910
2921
2926
2932
2939
2947
2953
2949
2957
2966
2964
2961
2969
2982
2986
2996
3013
3021
3040
3069
1030
1097
1008
978
960
951
942
935
930
926
922
920
917
913
911
911
911
913
916
921
928
951
919
916
914
913
912
912
911
951
909
916
2857
2874
2827
2846
2892
2906
2894
2880
2868
2849
2910
2925
2921
2918
2902
2910
2921
2926
2932
2939
2947
2953
2949
2957
2966
2964
2961
2969
2982
2986
2996
3013
3021
3040
3069
1030
1097
1008
978
960
951
942
935
930
926
922
920
917
913
911
911
911
913
916
921
928
951
919
916
914
913
912
912
911
951
909
916
2857
2874
2827
2846
2892
2906
2894
2880
2868
2849
2910
2925
2921
2918
2902
2910
2921
2926
2932
2939
2947
2953
2949
2957
2966
2964
2961
2969
2982
2986
2996
3013
3021
3040
3069
1030
1097
1008
978
960
951
942
935
930
926
922
920
917
913
911
911
911
913
916
921
928
951
919
916
914
913
912
912
911
951
909
916
2857
2874
2827
2846
2892
2906
2894
2880
2868
2849
2910
2925
2921
2918
2902
2910
2921
2926
2932
2939
2947
2953
2949
2957
2966
2964
2961
2969
2982
2986
2996
3013
3021
3040
3069
1030
1097
1008
978
960
951
942
935
930
926
922
920
917
913
911
911
911
913
916
921
928
951
919
916
914
913
912
912
911
951
909
916
2857
2874
2827
2846
2892
2906
2894
2880
2868
2849
2910
2925
2921
2918
2902
2910
2921
2926
2932
2939
2947
2953
2949
2957
2966
2964
2961
2969
2982
2986
2996
3013
3021
3040
3069
1030
1097
1008
978
960
951
942
935
930
926
922
920
917
913
911
911
911
913
916
921
928
951
919
916
914
913
912
912
911
951
909
916
2857
2874
2827
2846
2892
2906
2894
2880
2868
2849
2910
2925
2921
2918
2902
2910
2921
2926
2932
2939
2947
2953
2949
2957
2966
2964
2961
2969
2982
2986
2996
3013
3021
3040
3069
1030
1097
1008
978
960
951
942
935
930
926
922
920
917
913
911
911
911
913
916
921
928
951
919
916
914
913
912
912
911
951
909
916
2857
2874
2827
2846
2892
2906
2894
2880
2868
2849
2910
2925
2921
2918
2902
2910
2921
2926
2932
2939
2947
2953
2949
2957
2966
2964
2961
2969
2982
2986
2996
3013
3021
3040
3069
1030
1097
1008
978
960
951
942
935
930
926
922
920
917
913
911
911
911
913
916
921
928
951
919
916
914
913
912
912
911
951
909
916
2857
2874
2827
2846
2892
2906
2894
2880
2868
2849
2910
2925
2921
2918
2902
2910
2921
2926
2932
2939
2947
2953
2949
2957
2966
2964
2961
2969
2982
2986
2996
3013
3021
3040
3069
1030
1097
1008
978
960
951
942
935
930
926
922
920
917
913
911
911
911
913
916
921
928
951
919
916
914
913
912
912
911
951
909
916
2857
2874
2827
2846
2892
2906
2894
2880
2868
2849
2910
2925
2921
2918
2902
2910
2921
2926
2932
2939
2947
2953
2949
2957
2966
2964
2961
2969
2982
2986
2996
3013
3021
3040
3069
1030
1097
1008
978
960
951
942
935
930
926
922
920
917
913
911
911
911
913
916
921
928
951
919
916
914
913
912
912
911
951
909
916
2857
2874
2827
2846
2892
2906
2894
2880
2868
2849
2910
2925
2921
2918
2902
2910
2921
2926
2932
2939
2947
2953
2949
2957
2966
2964
2961
2969
2982
2986
2996
3013
3021
3040
3069
1030
1097
1008
978
960
951
942
935
930
926
922
920
917
913
911
911
911
913
916
921
928
951
919
916
914
913
912
912
911
951
909
916
2857
2874
2827
2846
2892
2906
2894
2880
2868
2849
2910
2925
2921
2918
2902
2910
2921
2926
2932
2939
2947
2953
2949
2957
2966
2964
2961
2969
2982
2986
2996
3013
3021
3040
3069
1030
1097
1008
978
960
951
942
935
930
926
922
920
917
913
911
911
911
913
916
921
928
951
919
916
914
913
912
912
911
951
909
916
2857
2874
2827
2846
2892
2906
2894
2880
2868
2849
2910
2925
2921
2918
2902
2910
2921
2926
2932
2939
2947
2953
2949
2957
2966
2964
2961
2969
2982
2986
2996
3013
3021
3040
3069
1030
1097
1008
978
960
951
942
935
930
926
922
920
917
913
911
911
911
913
916
921
928
951
919
916
914
913
912
912
911
951
909
916
2857
2874
2827
2846
2892
2906
2894
2880
2868
2849
2910
2925
2921
2918
2902
2910
2921
2926
2932
2939
2947
2953
2949
2957
2966
2964
2961
2969
2982
2986
2996
3013
3021
3040
3069
1030
1097
1008
978
960
951
942
935
930
926
922
920
917
913
911
911
911
913
916
921
928
951
919
916
914
913
912
912
911
951
909
916
2857
2874
2827
2846
2892
2906
2894
2880
2868
2849
2910
2925
2921
2918
2902
2910
2921
2926
2932
2939
2947
2953
2949
2957
2966
2964
2961
2969
2982
2986
2996
3013
3021
3040
3069
1030
1097
1008
978
960
951
942
935
930
926
922
920
917
913
911
911
911
913
916
921
928
951
919
916
914
913
912
912
911
951
909
916
2857
2874
2827
2846
2892
2906
2894
2880
2868
2849
2910
2925
2921
2918
2902
2910
2921
2926
2932
2939
2947
2953
2949
2957
2966
2964
2961
2969
2982
2986
2996
3013
3021
3040
3069
1030
1097
1008
978
960
951
942
935
930
926
922
920
917
913
911
911
911
913
916
921
928
951
919
916
914
913
912
912
911
951
909
916
2857
2874
2827
2846
2892
2906
2894
2880
2868
2849
2910
2925
2921
2918
2902
2910
2921
2926
2932
2939
2947
2953
2949
2957
2966
2964
2961
2969
2982
2986
2996
3013
3021
3040
3069
1030
1097
1008
978
960
951
942
935
930
926
922
920
917
913
911
911
911
913
916
921
928
951
919
916
914
913
912
912
911
951
909
916
2857
2874
2827
2846
2892
2906
2894
2880
2868
2849
2910
2925
2921
2918
2902
2910
2921
2926
2932
2939
2947
2953
2949
2957
2966
2964
2961
2969
2982
2986
2996
3013
3021
3040
3069
1030
1097
1008
978
960
951
942
935
930
926
922
920
917
913
911
911
911
913
916
921
928
951
919
916
914
913
912
912
911
951
909
916
2857
2874
2827
2846
2892
2906
2894
2880
2868
2849
2910
2925
2921
2918
2902
2910
2921
2926
2932
2939
2947
2953
2949
2957
2966
2964
2961
2969
2982
2986
2996
3013
3021
3040
3069
1030
1097
1008
978
960
951
942
935
930
926
922
920
917
913
911
911
911
913
916
921
928
951
919
916
914
913
912
912
911
951
909
916
2857
2874
2827
2846
2892
2906
2894
2880
2868
2849
2910
2925
2921
2918
2902
2910
2921
2926
2932
2939
2947
2953
2949
2957
2966
2964
2961
2969
2982
2986
2996
3013
3021
3040
3069
1030
1097
1008
978
960
951
942
935
930
926
922
920
917
913
911
911
911
913
916
921
928
951
919
916
914
913
912
912
911
951
909
916
2857
2874
2827
2846
2892
2906
2894
2880
2868
2849
2910
2925
2921
2918
2902
2910
2921
2926
2932
2939
2947
2953
2949
2957
2966
2964
2961
2969
2982
2986
2996
3013
3021
3040
3069
1030
1097
1008
978
960
951
942
935
930
926
922
920
917
913
911
911
911
913
916
921
928
951
919
916
914
913
912
912
911
951
909
916
2857
2874
2827
2846
2892
2906
2894
2880
2868
2849
2910
2925
2921
2918
2902
2910
2921
2926
2932
2939
2947
2953
2949
2957
2966
2964
2961
2969
2982
2986
2996
3013
3021
3040
3069
1030
1097
1008
978
960
951
942
935
930
926
922
920
917
913
911
911
911
913
916
921
928
951
919
916
914
913
912
912
911
951
909
916
2857
2874
2827
2846
2892
2906
2894
2880
2868
2849
2910
2925
2921
2918
2902
2910
2921
2926
2932
2939
2947
2953
2949
2957
2966
2964
2961
2969
2982
2986
2996
3013
3021
3040
3069
1030
1097
1008
978
960
951
942
935
930
926
922
920
917
913
911
911
911
913
916
921
928
951
919
916
914
913
912
912
911
951
909
916
2857
2874
2827
2846
2892
2906
2894
2880
2868
2849
2910
2925
2921
2918
2902
2910
2921
2926
2932
2939
2947
2953
2949
2957
2966
2964
2961
2969
2982
2986
2996
3013
3021
3040
3069
1030
1097
1008
978
960
951
942
935
930
926
922
920
917
913
911
911
911
913
916
921
928
951
919
916
914
913
912
912
911
951
909
916
2857
2874
2827
2846
2892
2906
2894
2880
2868
2849
2910
2925
2921
2918
2902
2910
2921
2926
2932
2939
2947
2953
2949
2957
2966
2964
2961
2969
2982
2986
2996
3013
3021
3040
3069
1030
1097
1008
978
960
951
942
935
930
926
922
920
917
913
911
911
911
913
916
921
928
951
919
916
914
913
912
912
911
951
909
916
2857
2874
2827
2846
2892
2906
2894
2880
2868
2849
2910
2925
2921
2918
2902
2910
2921
2926
2932
2939
2947
2953
2949
2957
2966
2964
2961
2969
2982
2986
2996
3013
3021
3040
3069
1030
1097
1008
978
960
951
942
935
930
926
922
920
917
913
911
911
911
913
916
921
928
951
919
916
914
913
912
912
911
951
909
916
2857
2874
2827
2846
2892
2906
2894
2880
2868
2849
2910
2925
2921
2918
2902
2910
2921
2926
2932
2939
2947
2953
2949
2957
2966
2964
2961
2969
2982
2986
2996
3013
3021
3040
3069
1030
1097
1008
978
960
951
942
935
930
926
922
920
917
913
911
911
911
913
916
921
928
951
919
916
914
913
912
912
911
951
909
916
2857
2874
2827
2846
2892
2906
2894
2880
2868
2849
2910
2925
2921
2918
2902
2910
2921
2926
2932
2939
2947
2953
2949
2957
2966
2964
2961
2969
2982
2986
2996
3013
3021
3040
3069
1030
1097
1008
978
960
951
942
935
930
926
922
920
917
913
911
911
911
913
916
921
928
951
919
916
914
913
912
912
911
951
909
916
2857
2874
2827
2846
2892
2906
2894
2880
2868
2849
2910
2925
2921
2918
2902
2910
2921
2926
2932
2939
2947
2953
2949
2957
2966
2964
2961
2969
2982
2986
2996
3013
3021
3040
3069
1030
1097
1008
978
960
951
942
935
930
926
922
920
917
913
911
911
911
913
916
921
928
951
919
916
914
913
912
912
911
951
909
916
2857
2874
2827
2846
2892
2906
2894
2880
2868
2849
2910
2925
2921
2918
2902
2910
2921
2926
2932
2939
2947
2953
2949
2957
2966
2964
2961
2969
2982
2986
2996
3013
3021
3040
3069
1030
1097
1008
978
960
951
942
935
930
926
922
920
917
913
911
911
911
913
916
921
928
951
919
916
914
913
912
912
911
951
909
916
2857
2874
2827
2846
2892
2906
2894
2880
2868
2849
2910
2925
2921
2918
2902
2910
2921
2926
2932
2939
2947
2953
2949
2957
2966
2964
2961
2969
2982
2986
2996
3013
3021
3040
3069
1030
1097
1008
978
960
951
942
935
930
926
922
920
917
913
911
911
911
913
916
921
928
951
919
916
914
913
912
912
911
951
909
916
2857
2874
2827
2846
2892
2906
2894
2880
2868
2849
2910
2925
2921
2918
2902
2910
2921
2926
2932
2939
2947
2953
2949
2957
2966
2964
2961
2969
2982
2986
2996
3013
3021
3040
3069
1030
1097
1008
978
960
951
942
935
930
926
922
920
917
913
911
911
911
913
916
921
928
951
919
916
914
913
912
912
911
951
909
916
2857
2874
2827
2846
2892
2906
2894
2880
2868
2849
2910
2925
2921
2918
2902
2910
2921
2926
2932
2939
2947
2953
2949
2957
2966
2964
2961
2969
2982
2986
2996
3013
3021
3040
3069
1030
1097
1008
978
960
951
942
935
930
926
922
920
917
913
911
911
911
913
916
921
928
951
919
916
914
913
912
912
911
951
909
916
2857
2874
2827
2846
2892
2906
2894
2880
2868
2849
2910
2925
2921
2918
2902
2910
2921
2926
2932
2939
2947
2953
2949
2957
2966
2964
2961
2969
2982
2986
2996
3013
3021
3040
3069
1030
1097
1008
978
960
951
942
935
930
926
922
920
917
913
911
911
911
913
916
921
928
951
919
916
914
913
912
912
911
951
909
916
2857
2874
2827
2846
2892
2906
2894
2880
2868
2849
2910
2925
2921
2918
2902
2910
2921
2926
2932
2939
2947
2953
2949
2957
2966
2964
2961
2969
2982
2986
2996
3013
3021
3040
3069
1030
1097
1008
978
960
951
942
935
930
926
922
920
917
913
911
911
911
913
916
921
928
951
919
916
914
913
912
912
911
951
909
916
2857
2874
2827
2846
2892
2906
2894
2880
2868
2849
2910
2925
2921
2918
2902
2910
2921
2926
2932
2939
2947
2953
2949
2957
2966
2964
2961
2969
2982
2986
2996
3013
3021
3040
3069
1030
1097
1008
978
960
951
942
935
930
926
922
920
917
913
911
911
911
913
916
921
928
951
919
916
914
913
912
912
911
951
909
916
2857
2874
2827
2846
2892
2906
2894
2880
2868
2849
2910
2925
2921
2918
2902
2910
2921
2926
2932
2939
2947
2953
2949
2957
2966
2964
2961
2969
2982
2986
2996
3013
3021
3040
3069
1030
1097
1008
978
960
951
942
935
930
926
922
920
917
913
911
911
911
913
916
921
928
951
919
916
914
913
912
912
911
951
909
916
2857
2874
2827
2846
2892
2906
2894
2880
2868
2849
2910
2925
2921
2918
2902
2910
2921
2926
2932
2939
2947
2953
2949
2957
2966
2964
2961
2969
2982
2986
2996
3013
3021
3040
3069
1030
1097
1008
978
960
951
942
935
930
926
922
920
917
913
911
911
911
913
916
921
928
951
919
916
914
913
912
912
911
951
909
916
2857
2874
2827
2846
2892
2906
2894
2880
2868
2849
2910
2925
2921
2918
2902
2910
2921
2926
2932
2939
2947
2953
2949
2957
2966
2964
2961
2969
2982
2986
2996
3013
3021
3040
3069
1030
1097
1008
978
960
951
942
935
930
926
922
920
917
913
911
911
911
913
916
921
928
951
919
916
914
913
912
912
911
951
909
916
2857
2874
2827
2846
2892
2906
2894
2880
2868
2849
2910
2925
2921
2918
2902
2910
2921
2926
2932
2939
2947
2953
2949
2957
2966
2964
2961
2969
2982
2986
2996
3013
3021
3040
3069
1030
1097
1008
978
960
951
942
935
930
926
922
920
917
913
911
911
911
913
916
921
928
951
919
916
914
913
912
912
911
951
909
916
2857
2874
2827
2846
2892
2906
2894
2880
2868
2849
2910
2925
2921
2918
2902
2910
2921
2926
2932
2939
2947
2953
2949
2957
2966
2964
2961
2969
2982
2986
2996
3013
3021
3040
3069
1030
1097
1008
978
960
951
942
935
930
926
922
920
917
913
911
911
911
913
916
921
928
951
919
916
914
913
912
912
911
951
909
916
2857
2874
2827
2846
2892
2906
2894
2880
2868
2849
2910
2925
2921
2918
2902
2910
2921
2926
2932
2939
2947
2953
2949
2957
2966
2964
2961
2969
2982
2986
2996
3013
3021
3040
3069
1030
1097
1008
978
960
951
942
935
930
926
922
920
917
913
911
911
911
913
916
921
928
951
919
916
914
913
912
912
911
951
909
916
2857
2874
2827
2846
2892
2906
2894
2880
2868
2849
2910
2925
2921
2918
2902
2910
2921
2926
2932
2939
2947
2953
2949
2957
2966
2964
2961
2969
2982
2986
2996
3013
3021
3040
3069
1030
1097
1008
978
960
951
942
935
930
926
922
920
917
913
911
911
911
913
916
921
928
951
919
916
914
913
912
912
911
951
909
916
2857
2874
2827
2846
2892
2906
2894
2880
2868
2849
2910
2925
2921
2918
2902
2910
2921
2926
2932
2939
2947
2953
2949
2957
2966
2964
2961
2969
2982
2986
2996
3013
3021
3040
3069
1030
1097
1008
978
960
951
942
935
930
926
922
920
917
913
911
911
911
913
916
921
928
951
919
916
914
913
912
912
911
951
909
916
2857
2874
2827
2846
2892
2906
2894
2880
2868
2849
2910
2925
2921
2918
2902
2910
2921
2926
2932
2939
2947
2953
2949
2957
2966
2964
2961
2969
2982
2986
2996
3013
3021
3040
3069
1030
1097
1008
978
960
951
942
935
930
926
922
920
917
913
911
911
911
913
916
921
928
951
919
916
914
913
912
912
911
951
909
916
856
858
878
886
887
890
901
908
914
921
920
921
926
931
937
940
941
943
947
952
956
960
966
971
974
979
985
989
995
1005
1016
1027
1041
1060
1088
1168
3168
3126
3094
3077
3066
3058
3052
3047
3042
3039
3036
3033
3030
3028
3027
3027
3029
3032
3037
3044
3067
3035
3032
3031
3029
3028
3028
3028
3067
3026
3032
