2878
2884
2915
2922
2933
2939
2950
2957
2958
2958
2965
2971
2972
2978
2978
2980
2985
2987
2993
2998
3001
3006
3011
3016
3020
3025
3029
3033
3040
3049
3060
3072
3085
3104
3132
3174
1143
1073
1041
1024
1013
1005
998
993
988
984
981
977
972
969
967
965
964
963
963
963
965
980
976
974
971
971
969
969
965
971
950
2878
2884
2915
2922
2933
2939
2950
2957
2958
2958
2965
2971
2972
2978
2978
2980
2985
2987
2993
2998
3001
3006
3011
3016
3020
3025
3029
3033
3040
3049
3060
3072
3085
3104
3132
3174
1143
1073
1041
1024
1013
1005
998
993
988
984
981
977
972
969
967
965
964
963
963
963
965
980
976
974
971
971
969
969
965
971
950
2878
2884
2915
2922
2933
2939
2950
2957
2958
2958
2965
2971
2972
2978
2978
2980
2985
2987
2993
2998
3001
3006
3011
3016
3020
3025
3029
3033
3040
3049
3060
3072
3085
3104
3132
3174
1143
1073
1041
1024
1013
1005
998
993
988
984
981
977
972
969
967
965
964
963
963
963
965
980
976
974
971
971
969
969
965
971
950
2878
2884
2915
2922
2933
2939
2950
2957
2958
2958
2965
2971
2972
2978
2978
2980
2985
2987
2993
2998
3001
3006
3011
3016
3020
3025
3029
3033
3040
3049
3060
3072
3085
3104
3132
3174
1143
1073
1041
1024
1013
1005
998
993
988
984
981
977
972
969
967
965
964
963
963
963
965
980
976
974
971
971
969
969
965
971
950
2878
2884
2915
2922
2933
2939
2950
2957
2958
2958
2965
2971
2972
2978
2978
2980
2985
2987
2993
2998
3001
3006
3011
3016
3020
3025
3029
3033
3040
3049
3060
3072
3085
3104
3132
3174
1143
1073
1041
1024
1013
1005
998
993
988
984
981
977
972
969
967
965
964
963
963
963
965
980
976
974
971
971
969
969
965
971
950
2878
2884
2915
2922
2933
2939
2950
2957
2958
2958
2965
2971
2972
2978
2978
2980
2985
2987
2993
2998
3001
3006
3011
3016
3020
3025
3029
3033
3040
3049
3060
3072
3085
3104
3132
3174
1143
1073
1041
1024
1013
1005
998
993
988
984
981
977
972
969
967
965
964
963
963
963
965
980
976
974
971
971
969
969
965
971
950
2878
2884
2915
2922
2933
2939
2950
2957
2958
2958
2965
2971
2972
2978
2978
2980
2985
2987
2993
2998
3001
3006
3011
3016
3020
3025
3029
3033
3040
3049
3060
3072
3085
3104
3132
3174
1143
1073
1041
1024
1013
1005
998
993
988
984
981
977
972
969
967
965
964
963
963
963
965
980
976
974
971
971
969
969
965
971
950
2878
2884
2915
2922
2933
2939
2950
2957
2958
2958
2965
2971
2972
2978
2978
2980
2985
2987
2993
2998
3001
3006
3011
3016
3020
3025
3029
3033
3040
3049
3060
3072
3085
3104
3132
3174
1143
1073
1041
1024
1013
1005
998
993
988
984
981
977
972
969
967
965
964
963
963
963
965
980
976
974
971
971
969
969
965
971
950
2878
2884
2915
2922
2933
2939
2950
2957
2958
2958
2965
2971
2972
2978
2978
2980
2985
2987
2993
2998
3001
3006
3011
3016
3020
3025
3029
3033
3040
3049
3060
3072
3085
3104
3132
3174
1143
1073
1041
1024
1013
1005
998
993
988
984
981
977
972
969
967
965
964
963
963
963
965
980
976
974
971
971
969
969
965
971
950
2878
2884
2915
2922
2933
2939
2950
2957
2958
2958
2965
2971
2972
2978
2978
2980
2985
2987
2993
2998
3001
3006
3011
3016
3020
3025
3029
3033
3040
3049
3060
3072
3085
3104
3132
3174
1143
1073
1041
1024
1013
1005
998
993
988
984
981
977
972
969
967
965
964
963
963
963
965
980
976
974
971
971
969
969
965
971
950
2878
2884
2915
2922
2933
2939
2950
2957
2958
2958
2965
2971
2972
2978
2978
2980
2985
2987
2993
2998
3001
3006
3011
3016
3020
3025
3029
3033
3040
3049
3060
3072
3085
3104
3132
3174
1143
1073
1041
1024
1013
1005
998
993
988
984
981
977
972
969
967
965
964
963
963
963
965
980
976
974
971
971
969
969
965
971
950
2878
2884
2915
2922
2933
2939
2950
2957
2958
2958
2965
2971
2972
2978
2978
2980
2985
2987
2993
2998
3001
3006
3011
3016
3020
3025
3029
3033
3040
3049
3060
3072
3085
3104
3132
3174
1143
1073
1041
1024
1013
1005
998
993
988
984
981
977
972
969
967
965
964
963
963
963
965
980
976
974
971
971
969
969
965
971
950
2878
2884
2915
2922
2933
2939
2950
2957
2958
2958
2965
2971
2972
2978
2978
2980
2985
2987
2993
2998
3001
3006
3011
3016
3020
3025
3029
3033
3040
3049
3060
3072
3085
3104
3132
3174
1143
1073
1041
1024
1013
1005
998
993
988
984
981
977
972
969
967
965
964
963
963
963
965
980
976
974
971
971
969
969
965
971
950
2878
2884
2915
2922
2933
2939
2950
2957
2958
2958
2965
2971
2972
2978
2978
2980
2985
2987
2993
2998
3001
3006
3011
3016
3020
3025
3029
3033
3040
3049
3060
3072
3085
3104
3132
3174
1143
1073
1041
1024
1013
1005
998
993
988
984
981
977
972
969
967
965
964
963
963
963
965
980
976
974
971
971
969
969
965
971
950
2878
2884
2915
2922
2933
2939
2950
2957
2958
2958
2965
2971
2972
2978
2978
2980
2985
2987
2993
2998
3001
3006
3011
3016
3020
3025
3029
3033
3040
3049
3060
3072
3085
3104
3132
3174
1143
1073
1041
1024
1013
1005
998
993
988
984
981
977
972
969
967
965
964
963
963
963
965
980
976
974
971
971
969
969
965
971
950
2878
2884
2915
2922
2933
2939
2950
2957
2958
2958
2965
2971
2972
2978
2978
2980
2985
2987
2993
2998
3001
3006
3011
3016
3020
3025
3029
3033
3040
3049
3060
3072
3085
3104
3132
3174
1143
1073
1041
1024
1013
1005
998
993
988
984
981
977
972
969
967
965
964
963
963
963
965
980
976
974
971
971
969
969
965
971
950
2878
2884
2915
2922
2933
2939
2950
2957
2958
2958
2965
2971
2972
2978
2978
2980
2985
2987
2993
2998
3001
3006
3011
3016
3020
3025
3029
3033
3040
3049
3060
3072
3085
3104
3132
3174
1143
1073
1041
1024
1013
1005
998
993
988
984
981
977
972
969
967
965
964
963
963
963
965
980
976
974
971
971
969
969
965
971
950
2878
2884
2915
2922
2933
2939
2950
2957
2958
2958
2965
2971
2972
2978
2978
2980
2985
2987
2993
2998
3001
3006
3011
3016
3020
3025
3029
3033
3040
3049
3060
3072
3085
3104
3132
3174
1143
1073
1041
1024
1013
1005
998
993
988
984
981
977
972
969
967
965
964
963
963
963
965
980
976
974
971
971
969
969
965
971
950
2878
2884
2915
2922
2933
2939
2950
2957
2958
2958
2965
2971
2972
2978
2978
2980
2985
2987
2993
2998
3001
3006
3011
3016
3020
3025
3029
3033
3040
3049
3060
3072
3085
3104
3132
3174
1143
1073
1041
1024
1013
1005
998
993
988
984
981
977
972
969
967
965
964
963
963
963
965
980
976
974
971
971
969
969
965
971
950
2878
2884
2915
2922
2933
2939
2950
2957
2958
2958
2965
2971
2972
2978
2978
2980
2985
2987
2993
2998
3001
3006
3011
3016
3020
3025
3029
3033
3040
3049
3060
3072
3085
3104
3132
3174
1143
1073
1041
1024
1013
1005
998
993
988
984
981
977
972
969
967
965
964
963
963
963
965
980
976
974
971
971
969
969
965
971
950
2878
2884
2915
2922
2933
2939
2950
2957
2958
2958
2965
2971
2972
2978
2978
2980
2985
2987
2993
2998
3001
3006
3011
3016
3020
3025
3029
3033
3040
3049
3060
3072
3085
3104
3132
3174
1143
1073
1041
1024
1013
1005
998
993
988
984
981
977
972
969
967
965
964
963
963
963
965
980
976
974
971
971
969
969
965
971
950
2878
2884
2915
2922
2933
2939
2950
2957
2958
2958
2965
2971
2972
2978
2978
2980
2985
2987
2993
2998
3001
3006
3011
3016
3020
3025
3029
3033
3040
3049
3060
3072
3085
3104
3132
3174
1143
1073
1041
1024
1013
1005
998
993
988
984
981
977
972
969
967
965
964
963
963
963
965
980
976
974
971
971
969
969
965
971
950
2878
2884
2915
2922
2933
2939
2950
2957
2958
2958
2965
2971
2972
2978
2978
2980
2985
2987
2993
2998
3001
3006
3011
3016
3020
3025
3029
3033
3040
3049
3060
3072
3085
3104
3132
3174
1143
1073
1041
1024
1013
1005
998
993
988
984
981
977
972
969
967
965
964
963
963
963
965
980
976
974
971
971
969
969
965
971
950
2878
2884
2915
2922
2933
2939
2950
2957
2958
2958
2965
2971
2972
2978
2978
2980
2985
2987
2993
2998
3001
3006
3011
3016
3020
3025
3029
3033
3040
3049
3060
3072
3085
3104
3132
3174
1143
1073
1041
1024
1013
1005
998
993
988
984
981
977
972
969
967
965
964
963
963
963
965
980
976
974
971
971
969
969
965
971
950
2878
2884
2915
2922
2933
2939
2950
2957
2958
2958
2965
2971
2972
2978
2978
2980
2985
2987
2993
2998
3001
3006
3011
3016
3020
3025
3029
3033
3040
3049
3060
3072
3085
3104
3132
3174
1143
1073
1041
1024
1013
1005
998
993
988
984
981
977
972
969
967
965
964
963
963
963
965
980
976
974
971
971
969
969
965
971
950
2878
2884
2915
2922
2933
2939
2950
2957
2958
2958
2965
2971
2972
2978
2978
2980
2985
2987
2993
2998
3001
3006
3011
3016
3020
3025
3029
3033
3040
3049
3060
3072
3085
3104
3132
3174
1143
1073
1041
1024
1013
1005
998
993
988
984
981
977
972
969
967
965
964
963
963
963
965
980
976
974
971
971
969
969
965
971
950
2878
2884
2915
2922
2933
2939
2950
2957
2958
2958
2965
2971
2972
2978
2978
2980
2985
2987
2993
2998
3001
3006
3011
3016
3020
3025
3029
3033
3040
3049
3060
3072
3085
3104
3132
3174
1143
1073
1041
1024
1013
1005
998
993
988
984
981
977
972
969
967
965
964
963
963
963
965
980
976
974
971
971
969
969
965
971
950
2878
2884
2915
2922
2933
2939
2950
2957
2958
2958
2965
2971
2972
2978
2978
2980
2985
2987
2993
2998
3001
3006
3011
3016
3020
3025
3029
3033
3040
3049
3060
3072
3085
3104
3132
3174
1143
1073
1041
1024
1013
1005
998
993
988
984
981
977
972
969
967
965
964
963
963
963
965
980
976
974
971
971
969
969
965
971
950
2878
2884
2915
2922
2933
2939
2950
2957
2958
2958
2965
2971
2972
2978
2978
2980
2985
2987
2993
2998
3001
3006
3011
3016
3020
3025
3029
3033
3040
3049
3060
3072
3085
3104
3132
3174
1143
1073
1041
1024
1013
1005
998
993
988
984
981
977
972
969
967
965
964
963
963
963
965
980
976
974
971
971
969
969
965
971
950
2878
2884
2915
2922
2933
2939
2950
2957
2958
2958
2965
2971
2972
2978
2978
2980
2985
2987
2993
2998
3001
3006
3011
3016
3020
3025
3029
3033
3040
3049
3060
3072
3085
3104
3132
3174
1143
1073
1041
1024
1013
1005
998
993
988
984
981
977
972
969
967
965
964
963
963
963
965
980
976
974
971
971
969
969
965
971
950
2878
2884
2915
2922
2933
2939
2950
2957
2958
2958
2965
2971
2972
2978
2978
2980
2985
2987
2993
2998
3001
3006
3011
3016
3020
3025
3029
3033
3040
3049
3060
3072
3085
3104
3132
3174
1143
1073
1041
1024
1013
1005
998
993
988
984
981
977
972
969
967
965
964
963
963
963
965
980
976
974
971
971
969
969
965
971
950
2878
2884
2915
2922
2933
2939
2950
2957
2958
2958
2965
2971
2972
2978
2978
2980
2985
2987
2993
2998
3001
3006
3011
3016
3020
3025
3029
3033
3040
3049
3060
3072
3085
3104
3132
3174
1143
1073
1041
1024
1013
1005
998
993
988
984
981
977
972
969
967
965
964
963
963
963
965
980
976
974
971
971
969
969
965
971
950
2878
2884
2915
2922
2933
2939
2950
2957
2958
2958
2965
2971
2972
2978
2978
2980
2985
2987
2993
2998
3001
3006
3011
3016
3020
3025
3029
3033
3040
3049
3060
3072
3085
3104
3132
3174
1143
1073
1041
1024
1013
1005
998
993
988
984
981
977
972
969
967
965
964
963
963
963
965
980
976
974
971
971
969
969
965
971
950
2878
2884
2915
2922
2933
2939
2950
2957
2958
2958
2965
2971
2972
2978
2978
2980
2985
2987
2993
2998
3001
3006
3011
3016
3020
3025
3029
3033
3040
3049
3060
3072
3085
3104
3132
3174
1143
1073
1041
1024
1013
1005
998
993
988
984
981
977
972
969
967
965
964
963
963
963
965
980
976
974
971
971
969
969
965
971
950
2878
2884
2915
2922
2933
2939
2950
2957
2958
2958
2965
2971
2972
2978
2978
2980
2985
2987
2993
2998
3001
3006
3011
3016
3020
3025
3029
3033
3040
3049
3060
3072
3085
3104
3132
3174
1143
1073
1041
1024
1013
1005
998
993
988
984
981
977
972
969
967
965
964
963
963
963
965
980
976
974
971
971
969
969
965
971
950
2878
2884
2915
2922
2933
2939
2950
2957
2958
2958
2965
2971
2972
2978
2978
2980
2985
2987
2993
2998
3001
3006
3011
3016
3020
3025
3029
3033
3040
3049
3060
3072
3085
3104
3132
3174
1143
1073
1041
1024
1013
1005
998
993
988
984
981
977
972
969
967
965
964
963
963
963
965
980
976
974
971
971
969
969
965
971
950
2878
2884
2915
2922
2933
2939
2950
2957
2958
2958
2965
2971
2972
2978
2978
2980
2985
2987
2993
2998
3001
3006
3011
3016
3020
3025
3029
3033
3040
3049
3060
3072
3085
3104
3132
3174
1143
1073
1041
1024
1013
1005
998
993
988
984
981
977
972
969
967
965
964
963
963
963
965
980
976
974
971
971
969
969
965
971
950
2878
2884
2915
2922
2933
2939
2950
2957
2958
2958
2965
2971
2972
2978
2978
2980
2985
2987
2993
2998
3001
3006
3011
3016
3020
3025
3029
3033
3040
3049
3060
3072
3085
3104
3132
3174
1143
1073
1041
1024
1013
1005
998
993
988
984
981
977
972
969
967
965
964
963
963
963
965
980
976
974
971
971
969
969
965
971
950
2878
2884
2915
2922
2933
2939
2950
2957
2958
2958
2965
2971
2972
2978
2978
2980
2985
2987
2993
2998
3001
3006
3011
3016
3020
3025
3029
3033
3040
3049
3060
3072
3085
3104
3132
3174
1143
1073
1041
1024
1013
1005
998
993
988
984
981
977
972
969
967
965
964
963
963
963
965
980
976
974
971
971
969
969
965
971
950
2878
2884
2915
2922
2933
2939
2950
2957
2958
2958
2965
2971
2972
2978
2978
2980
2985
2987
2993
2998
3001
3006
3011
3016
3020
3025
3029
3033
3040
3049
3060
3072
3085
3104
3132
3174
1143
1073
1041
1024
1013
1005
998
993
988
984
981
977
972
969
967
965
964
963
963
963
965
980
976
974
971
971
969
969
965
971
950
2878
2884
2915
2922
2933
2939
2950
2957
2958
2958
2965
2971
2972
2978
2978
2980
2985
2987
2993
2998
3001
3006
3011
3016
3020
3025
3029
3033
3040
3049
3060
3072
3085
3104
3132
3174
1143
1073
1041
1024
1013
1005
998
993
988
984
981
977
972
969
967
965
964
963
963
963
965
980
976
974
971
971
969
969
965
971
950
2878
2884
2915
2922
2933
2939
2950
2957
2958
2958
2965
2971
2972
2978
2978
2980
2985
2987
2993
2998
3001
3006
3011
3016
3020
3025
3029
3033
3040
3049
3060
3072
3085
3104
3132
3174
1143
1073
1041
1024
1013
1005
998
993
988
984
981
977
972
969
967
965
964
963
963
963
965
980
976
974
971
971
969
969
965
971
950
2878
2884
2915
2922
2933
2939
2950
2957
2958
2958
2965
2971
2972
2978
2978
2980
2985
2987
2993
2998
3001
3006
3011
3016
3020
3025
3029
3033
3040
3049
3060
3072
3085
3104
3132
3174
1143
1073
1041
1024
1013
1005
998
993
988
984
981
977
972
969
967
965
964
963
963
963
965
980
976
974
971
971
969
969
965
971
950
2878
2884
2915
2922
2933
2939
2950
2957
2958
2958
2965
2971
2972
2978
2978
2980
2985
2987
2993
2998
3001
3006
3011
3016
3020
3025
3029
3033
3040
3049
3060
3072
3085
3104
3132
3174
1143
1073
1041
1024
1013
1005
998
993
988
984
981
977
972
969
967
965
964
963
963
963
965
980
976
974
971
971
969
969
965
971
950
2878
2884
2915
2922
2933
2939
2950
2957
2958
2958
2965
2971
2972
2978
2978
2980
2985
2987
2993
2998
3001
3006
3011
3016
3020
3025
3029
3033
3040
3049
3060
3072
3085
3104
3132
3174
1143
1073
1041
1024
1013
1005
998
993
988
984
981
977
972
969
967
965
964
963
963
963
965
980
976
974
971
971
969
969
965
971
950
2878
2884
2915
2922
2933
2939
2950
2957
2958
2958
2965
2971
2972
2978
2978
2980
2985
2987
2993
2998
3001
3006
3011
3016
3020
3025
3029
3033
3040
3049
3060
3072
3085
3104
3132
3174
1143
1073
1041
1024
1013
1005
998
993
988
984
981
977
972
969
967
965
964
963
963
963
965
980
976
974
971
971
969
969
965
971
950
2878
2884
2915
2922
2933
2939
2950
2957
2958
2958
2965
2971
2972
2978
2978
2980
2985
2987
2993
2998
3001
3006
3011
3016
3020
3025
3029
3033
3040
3049
3060
3072
3085
3104
3132
3174
1143
1073
1041
1024
1013
1005
998
993
988
984
981
977
972
969
967
965
964
963
963
963
965
980
976
974
971
971
969
969
965
971
950
2878
2884
2915
2922
2933
2939
2950
2957
2958
2958
2965
2971
2972
2978
2978
2980
2985
2987
2993
2998
3001
3006
3011
3016
3020
3025
3029
3033
3040
3049
3060
3072
3085
3104
3132
3174
1143
1073
1041
1024
1013
1005
998
993
988
984
981
977
972
969
967
965
964
963
963
963
965
980
976
974
971
971
969
969
965
971
950
2878
2884
2915
2922
2933
2939
2950
2957
2958
2958
2965
2971
2972
2978
2978
2980
2985
2987
2993
2998
3001
3006
3011
3016
3020
3025
3029
3033
3040
3049
3060
3072
3085
3104
3132
3174
1143
1073
1041
1024
1013
1005
998
993
988
984
981
977
972
969
967
965
964
963
963
963
965
980
976
974
971
971
969
969
965
971
950
2878
2884
2915
2922
2933
2939
2950
2957
2958
2958
2965
2971
2972
2978
2978
2980
2985
2987
2993
2998
3001
3006
3011
3016
3020
3025
3029
3033
3040
3049
3060
3072
3085
3104
3132
3174
1143
1073
1041
1024
1013
1005
998
993
988
984
981
977
972
969
967
965
964
963
963
963
965
980
976
974
971
971
969
969
965
971
950
2878
2884
2915
2922
2933
2939
2950
2957
2958
2958
2965
2971
2972
2978
2978
2980
2985
2987
2993
2998
3001
3006
3011
3016
3020
3025
3029
3033
3040
3049
3060
3072
3085
3104
3132
3174
1143
1073
1041
1024
1013
1005
998
993
988
984
981
977
972
969
967
965
964
963
963
963
965
980
976
974
971
971
969
969
965
971
950
2878
2884
2915
2922
2933
2939
2950
2957
2958
2958
2965
2971
2972
2978
2978
2980
2985
2987
2993
2998
3001
3006
3011
3016
3020
3025
3029
3033
3040
3049
3060
3072
3085
3104
3132
3174
1143
1073
1041
1024
1013
1005
998
993
988
984
981
977
972
969
967
965
964
963
963
963
965
980
976
974
971
971
969
969
965
971
950
2878
2884
2915
2922
2933
2939
2950
2957
2958
2958
2965
2971
2972
2978
2978
2980
2985
2987
2993
2998
3001
3006
3011
3016
3020
3025
3029
3033
3040
3049
3060
3072
3085
3104
3132
3174
1143
1073
1041
1024
1013
1005
998
993
988
984
981
977
972
969
967
965
964
963
963
963
965
980
976
974
971
971
969
969
965
971
950
2878
2884
2915
2922
2933
2939
2950
2957
2958
2958
2965
2971
2972
2978
2978
2980
2985
2987
2993
2998
3001
3006
3011
3016
3020
3025
3029
3033
3040
3049
3060
3072
3085
3104
3132
3174
1143
1073
1041
1024
1013
1005
998
993
988
984
981
977
972
969
967
965
964
963
963
963
965
980
976
974
971
971
969
969
965
971
950
2878
2884
2915
2922
2933
2939
2950
2957
2958
2958
2965
2971
2972
2978
2978
2980
2985
2987
2993
2998
3001
3006
3011
3016
3020
3025
3029
3033
3040
3049
3060
3072
3085
3104
3132
3174
1143
1073
1041
1024
1013
1005
998
993
988
984
981
977
972
969
967
965
964
963
963
963
965
980
976
974
971
971
969
969
965
971
950
2878
2884
2915
2922
2933
2939
2950
2957
2958
2958
2965
2971
2972
2978
2978
2980
2985
2987
2993
2998
3001
3006
3011
3016
3020
3025
3029
3033
3040
3049
3060
3072
3085
3104
3132
3174
1143
1073
1041
1024
1013
1005
998
993
988
984
981
977
972
969
967
965
964
963
963
963
965
980
976
974
971
971
969
969
965
971
950
2878
2884
2915
2922
2933
2939
2950
2957
2958
2958
2965
2971
2972
2978
2978
2980
2985
2987
2993
2998
3001
3006
3011
3016
3020
3025
3029
3033
3040
3049
3060
3072
3085
3104
3132
3174
1143
1073
1041
1024
1013
1005
998
993
988
984
981
977
972
969
967
965
964
963
963
963
965
980
976
974
971
971
969
969
965
971
950
2878
2884
2915
2922
2933
2939
2950
2957
2958
2958
2965
2971
2972
2978
2978
2980
2985
2987
2993
2998
3001
3006
3011
3016
3020
3025
3029
3033
3040
3049
3060
3072
3085
3104
3132
3174
1143
1073
1041
1024
1013
1005
998
993
988
984
981
977
972
969
967
965
964
963
963
963
965
980
976
974
971
971
969
969
965
971
950
2878
2884
2915
2922
2933
2939
2950
2957
2958
2958
2965
2971
2972
2978
2978
2980
2985
2987
2993
2998
3001
3006
3011
3016
3020
3025
3029
3033
3040
3049
3060
3072
3085
3104
3132
3174
1143
1073
1041
1024
1013
1005
998
993
988
984
981
977
972
969
967
965
964
963
963
963
965
980
976
974
971
971
969
969
965
971
950
2878
2884
2915
2922
2933
2939
2950
2957
2958
2958
2965
2971
2972
2978
2978
2980
2985
2987
2993
2998
3001
3006
3011
3016
3020
3025
3029
3033
3040
3049
3060
3072
3085
3104
3132
3174
1143
1073
1041
1024
1013
1005
998
993
988
984
981
977
972
969
967
965
964
963
963
963
965
980
976
974
971
971
969
969
965
971
950
2878
2884
2915
2922
2933
2939
2950
2957
2958
2958
2965
2971
2972
2978
2978
2980
2985
2987
2993
2998
3001
3006
3011
3016
3020
3025
3029
3033
3040
3049
3060
3072
3085
3104
3132
3174
1143
1073
1041
1024
1013
1005
998
993
988
984
981
977
972
969
967
965
964
963
963
963
965
980
976
974
971
971
969
969
965
971
950
2878
2884
2915
2922
2933
2939
2950
2957
2958
2958
2965
2971
2972
2978
2978
2980
2985
2987
2993
2998
3001
3006
3011
3016
3020
3025
3029
3033
3040
3049
3060
3072
3085
3104
3132
3174
1143
1073
1041
1024
1013
1005
998
993
988
984
981
977
972
969
967
965
964
963
963
963
965
980
976
974
971
971
969
969
965
971
950
2878
2884
2915
2922
2933
2939
2950
2957
2958
2958
2965
2971
2972
2978
2978
2980
2985
2987
2993
2998
3001
3006
3011
3016
3020
3025
3029
3033
3040
3049
3060
3072
3085
3104
3132
3174
1143
1073
1041
1024
1013
1005
998
993
988
984
981
977
972
969
967
965
964
963
963
963
965
980
976
974
971
971
969
969
965
971
950
2916
2932
2950
2960
2969
2976
2984
2990
2993
2997
3001
3006
3009
3013
3016
3018
3022
3025
3029
3034
3039
3044
3048
3053
3057
3062
3066
3070
3077
3087
3097
3109
3122
3141
3169
3269
968
1110
1078
1061
1050
1042
1035
1030
1025
1021
1018
1014
1010
1006
1004
1002
1001
1000
1000
1001
1002
1017
1013
1011
1009
1008
1007
1006
1003
1008
987
