2495
2495
2495
2496
2496
2497
2497
2498
2499
2499
2500
2501
2502
2503
2504
2506
2507
2508
2511
2514
2518
2522
2527
2532
2538
2544
2551
2558
2571
2592
2617
2649
2691
2751
2857
3567
3495
2782
2625
2538
2475
2425
2383
2346
2314
2284
2258
2222
2179
2140
2105
2073
2043
2015
1988
1963
1927
2248
2210
2193
2170
2158
2144
2137
1922
2259
1934
2495
2495
2495
2496
2496
2497
2497
2498
2499
2499
2500
2501
2502
2503
2504
2506
2507
2508
2511
2514
2518
2522
2527
2532
2538
2544
2551
2558
2571
2592
2617
2649
2691
2751
2857
3567
3495
2782
2625
2538
2475
2425
2383
2346
2314
2284
2258
2222
2179
2140
2105
2073
2043
2015
1988
1963
1927
2248
2210
2193
2170
2158
2144
2137
1922
2259
1934
2495
2495
2495
2496
2496
2497
2497
2498
2499
2499
2500
2501
2502
2503
2504
2506
2507
2508
2511
2514
2518
2522
2527
2532
2538
2544
2551
2558
2571
2592
2617
2649
2691
2751
2857
3567
3495
2782
2625
2538
2475
2425
2383
2346
2314
2284
2258
2222
2179
2140
2105
2073
2043
2015
1988
1963
1927
2248
2210
2193
2170
2158
2144
2137
1922
2259
1934
2495
2495
2495
2496
2496
2497
2497
2498
2499
2499
2500
2501
2502
2503
2504
2506
2507
2508
2511
2514
2518
2522
2527
2532
2538
2544
2551
2558
2571
2592
2617
2649
2691
2751
2857
3567
3495
2782
2625
2538
2475
2425
2383
2346
2314
2284
2258
2222
2179
2140
2105
2073
2043
2015
1988
1963
1927
2248
2210
2193
2170
2158
2144
2137
1922
2259
1934
2495
2495
2495
2496
2496
2497
2497
2498
2499
2499
2500
2501
2502
2503
2504
2506
2507
2508
2511
2514
2518
2522
2527
2532
2538
2544
2551
2558
2571
2592
2617
2649
2691
2751
2857
3567
3495
2782
2625
2538
2475
2425
2383
2346
2314
2284
2258
2222
2179
2140
2105
2073
2043
2015
1988
1963
1927
2248
2210
2193
2170
2158
2144
2137
1922
2259
1934
2495
2495
2495
2496
2496
2497
2497
2498
2499
2499
2500
2501
2502
2503
2504
2506
2507
2508
2511
2514
2518
2522
2527
2532
2538
2544
2551
2558
2571
2592
2617
2649
2691
2751
2857
3567
3495
2782
2625
2538
2475
2425
2383
2346
2314
2284
2258
2222
2179
2140
2105
2073
2043
2015
1988
1963
1927
2248
2210
2193
2170
2158
2144
2137
1922
2259
1934
2495
2495
2495
2496
2496
2497
2497
2498
2499
2499
2500
2501
2502
2503
2504
2506
2507
2508
2511
2514
2518
2522
2527
2532
2538
2544
2551
2558
2571
2592
2617
2649
2691
2751
2857
3567
3495
2782
2625
2538
2475
2425
2383
2346
2314
2284
2258
2222
2179
2140
2105
2073
2043
2015
1988
1963
1927
2248
2210
2193
2170
2158
2144
2137
1922
2259
1934
2495
2495
2495
2496
2496
2497
2497
2498
2499
2499
2500
2501
2502
2503
2504
2506
2507
2508
2511
2514
2518
2522
2527
2532
2538
2544
2551
2558
2571
2592
2617
2649
2691
2751
2857
3567
3495
2782
2625
2538
2475
2425
2383
2346
2314
2284
2258
2222
2179
2140
2105
2073
2043
2015
1988
1963
1927
2248
2210
2193
2170
2158
2144
2137
1922
2259
1934
2495
2495
2495
2496
2496
2497
2497
2498
2499
2499
2500
2501
2502
2503
2504
2506
2507
2508
2511
2514
2518
2522
2527
2532
2538
2544
2551
2558
2571
2592
2617
2649
2691
2751
2857
3567
3495
2782
2625
2538
2475
2425
2383
2346
2314
2284
2258
2222
2179
2140
2105
2073
2043
2015
1988
1963
1927
2248
2210
2193
2170
2158
2144
2137
1922
2259
1934
2495
2495
2495
2496
2496
2497
2497
2498
2499
2499
2500
2501
2502
2503
2504
2506
2507
2508
2511
2514
2518
2522
2527
2532
2538
2544
2551
2558
2571
2592
2617
2649
2691
2751
2857
3567
3495
2782
2625
2538
2475
2425
2383
2346
2314
2284
2258
2222
2179
2140
2105
2073
2043
2015
1988
1963
1927
2248
2210
2193
2170
2158
2144
2137
1922
2259
1934
2495
2495
2495
2496
2496
2497
2497
2498
2499
2499
2500
2501
2502
2503
2504
2506
2507
2508
2511
2514
2518
2522
2527
2532
2538
2544
2551
2558
2571
2592
2617
2649
2691
2751
2857
3567
3495
2782
2625
2538
2475
2425
2383
2346
2314
2284
2258
2222
2179
2140
2105
2073
2043
2015
1988
1963
1927
2248
2210
2193
2170
2158
2144
2137
1922
2259
1934
2495
2495
2495
2496
2496
2497
2497
2498
2499
2499
2500
2501
2502
2503
2504
2506
2507
2508
2511
2514
2518
2522
2527
2532
2538
2544
2551
2558
2571
2592
2617
2649
2691
2751
2857
3567
3495
2782
2625
2538
2475
2425
2383
2346
2314
2284
2258
2222
2179
2140
2105
2073
2043
2015
1988
1963
1927
2248
2210
2193
2170
2158
2144
2137
1922
2259
1934
2495
2495
2495
2496
2496
2497
2497
2498
2499
2499
2500
2501
2502
2503
2504
2506
2507
2508
2511
2514
2518
2522
2527
2532
2538
2544
2551
2558
2571
2592
2617
2649
2691
2751
2857
3567
3495
2782
2625
2538
2475
2425
2383
2346
2314
2284
2258
2222
2179
2140
2105
2073
2043
2015
1988
1963
1927
2248
2210
2193
2170
2158
2144
2137
1922
2259
1934
2495
2495
2495
2496
2496
2497
2497
2498
2499
2499
2500
2501
2502
2503
2504
2506
2507
2508
2511
2514
2518
2522
2527
2532
2538
2544
2551
2558
2571
2592
2617
2649
2691
2751
2857
3567
3495
2782
2625
2538
2475
2425
2383
2346
2314
2284
2258
2222
2179
2140
2105
2073
2043
2015
1988
1963
1927
2248
2210
2193
2170
2158
2144
2137
1922
2259
1934
2495
2495
2495
2496
2496
2497
2497
2498
2499
2499
2500
2501
2502
2503
2504
2506
2507
2508
2511
2514
2518
2522
2527
2532
2538
2544
2551
2558
2571
2592
2617
2649
2691
2751
2857
3567
3495
2782
2625
2538
2475
2425
2383
2346
2314
2284
2258
2222
2179
2140
2105
2073
2043
2015
1988
1963
1927
2248
2210
2193
2170
2158
2144
2137
1922
2259
1934
2495
2495
2495
2496
2496
2497
2497
2498
2499
2499
2500
2501
2502
2503
2504
2506
2507
2508
2511
2514
2518
2522
2527
2532
2538
2544
2551
2558
2571
2592
2617
2649
2691
2751
2857
3567
3495
2782
2625
2538
2475
2425
2383
2346
2314
2284
2258
2222
2179
2140
2105
2073
2043
2015
1988
1963
1927
2248
2210
2193
2170
2158
2144
2137
1922
2259
1934
2495
2495
2495
2496
2496
2497
2497
2498
2499
2499
2500
2501
2502
2503
2504
2506
2507
2508
2511
2514
2518
2522
2527
2532
2538
2544
2551
2558
2571
2592
2617
2649
2691
2751
2857
3567
3495
2782
2625
2538
2475
2425
2383
2346
2314
2284
2258
2222
2179
2140
2105
2073
2043
2015
1988
1963
1927
2248
2210
2193
2170
2158
2144
2137
1922
2259
1934
2495
2495
2495
2496
2496
2497
2497
2498
2499
2499
2500
2501
2502
2503
2504
2506
2507
2508
2511
2514
2518
2522
2527
2532
2538
2544
2551
2558
2571
2592
2617
2649
2691
2751
2857
3567
3495
2782
2625
2538
2475
2425
2383
2346
2314
2284
2258
2222
2179
2140
2105
2073
2043
2015
1988
1963
1927
2248
2210
2193
2170
2158
2144
2137
1922
2259
1934
2495
2495
2495
2496
2496
2497
2497
2498
2499
2499
2500
2501
2502
2503
2504
2506
2507
2508
2511
2514
2518
2522
2527
2532
2538
2544
2551
2558
2571
2592
2617
2649
2691
2751
2857
3567
3495
2782
2625
2538
2475
2425
2383
2346
2314
2284
2258
2222
2179
2140
2105
2073
2043
2015
1988
1963
1927
2248
2210
2193
2170
2158
2144
2137
1922
2259
1934
2495
2495
2495
2496
2496
2497
2497
2498
2499
2499
2500
2501
2502
2503
2504
2506
2507
2508
2511
2514
2518
2522
2527
2532
2538
2544
2551
2558
2571
2592
2617
2649
2691
2751
2857
3567
3495
2782
2625
2538
2475
2425
2383
2346
2314
2284
2258
2222
2179
2140
2105
2073
2043
2015
1988
1963
1927
2248
2210
2193
2170
2158
2144
2137
1922
2259
1934
2495
2495
2495
2496
2496
2497
2497
2498
2499
2499
2500
2501
2502
2503
2504
2506
2507
2508
2511
2514
2518
2522
2527
2532
2538
2544
2551
2558
2571
2592
2617
2649
2691
2751
2857
3567
3495
2782
2625
2538
2475
2425
2383
2346
2314
2284
2258
2222
2179
2140
2105
2073
2043
2015
1988
1963
1927
2248
2210
2193
2170
2158
2144
2137
1922
2259
1934
2495
2495
2495
2496
2496
2497
2497
2498
2499
2499
2500
2501
2502
2503
2504
2506
2507
2508
2511
2514
2518
2522
2527
2532
2538
2544
2551
2558
2571
2592
2617
2649
2691
2751
2857
3567
3495
2782
2625
2538
2475
2425
2383
2346
2314
2284
2258
2222
2179
2140
2105
2073
2043
2015
1988
1963
1927
2248
2210
2193
2170
2158
2144
2137
1922
2259
1934
2495
2495
2495
2496
2496
2497
2497
2498
2499
2499
2500
2501
2502
2503
2504
2506
2507
2508
2511
2514
2518
2522
2527
2532
2538
2544
2551
2558
2571
2592
2617
2649
2691
2751
2857
3567
3495
2782
2625
2538
2475
2425
2383
2346
2314
2284
2258
2222
2179
2140
2105
2073
2043
2015
1988
1963
1927
2248
2210
2193
2170
2158
2144
2137
1922
2259
1934
2495
2495
2495
2496
2496
2497
2497
2498
2499
2499
2500
2501
2502
2503
2504
2506
2507
2508
2511
2514
2518
2522
2527
2532
2538
2544
2551
2558
2571
2592
2617
2649
2691
2751
2857
3567
3495
2782
2625
2538
2475
2425
2383
2346
2314
2284
2258
2222
2179
2140
2105
2073
2043
2015
1988
1963
1927
2248
2210
2193
2170
2158
2144
2137
1922
2259
1934
2495
2495
2495
2496
2496
2497
2497
2498
2499
2499
2500
2501
2502
2503
2504
2506
2507
2508
2511
2514
2518
2522
2527
2532
2538
2544
2551
2558
2571
2592
2617
2649
2691
2751
2857
3567
3495
2782
2625
2538
2475
2425
2383
2346
2314
2284
2258
2222
2179
2140
2105
2073
2043
2015
1988
1963
1927
2248
2210
2193
2170
2158
2144
2137
1922
2259
1934
2495
2495
2495
2496
2496
2497
2497
2498
2499
2499
2500
2501
2502
2503
2504
2506
2507
2508
2511
2514
2518
2522
2527
2532
2538
2544
2551
2558
2571
2592
2617
2649
2691
2751
2857
3567
3495
2782
2625
2538
2475
2425
2383
2346
2314
2284
2258
2222
2179
2140
2105
2073
2043
2015
1988
1963
1927
2248
2210
2193
2170
2158
2144
2137
1922
2259
1934
2495
2495
2495
2496
2496
2497
2497
2498
2499
2499
2500
2501
2502
2503
2504
2506
2507
2508
2511
2514
2518
2522
2527
2532
2538
2544
2551
2558
2571
2592
2617
2649
2691
2751
2857
3567
3495
2782
2625
2538
2475
2425
2383
2346
2314
2284
2258
2222
2179
2140
2105
2073
2043
2015
1988
1963
1927
2248
2210
2193
2170
2158
2144
2137
1922
2259
1934
2495
2495
2495
2496
2496
2497
2497
2498
2499
2499
2500
2501
2502
2503
2504
2506
2507
2508
2511
2514
2518
2522
2527
2532
2538
2544
2551
2558
2571
2592
2617
2649
2691
2751
2857
3567
3495
2782
2625
2538
2475
2425
2383
2346
2314
2284
2258
2222
2179
2140
2105
2073
2043
2015
1988
1963
1927
2248
2210
2193
2170
2158
2144
2137
1922
2259
1934
2495
2495
2495
2496
2496
2497
2497
2498
2499
2499
2500
2501
2502
2503
2504
2506
2507
2508
2511
2514
2518
2522
2527
2532
2538
2544
2551
2558
2571
2592
2617
2649
2691
2751
2857
3567
3495
2782
2625
2538
2475
2425
2383
2346
2314
2284
2258
2222
2179
2140
2105
2073
2043
2015
1988
1963
1927
2248
2210
2193
2170
2158
2144
2137
1922
2259
1934
2495
2495
2495
2496
2496
2497
2497
2498
2499
2499
2500
2501
2502
2503
2504
2506
2507
2508
2511
2514
2518
2522
2527
2532
2538
2544
2551
2558
2571
2592
2617
2649
2691
2751
2857
3567
3495
2782
2625
2538
2475
2425
2383
2346
2314
2284
2258
2222
2179
2140
2105
2073
2043
2015
1988
1963
1927
2248
2210
2193
2170
2158
2144
2137
1922
2259
1934
2495
2495
2495
2496
2496
2497
2497
2498
2499
2499
2500
2501
2502
2503
2504
2506
2507
2508
2511
2514
2518
2522
2527
2532
2538
2544
2551
2558
2571
2592
2617
2649
2691
2751
2857
3567
3495
2782
2625
2538
2475
2425
2383
2346
2314
2284
2258
2222
2179
2140
2105
2073
2043
2015
1988
1963
1927
2248
2210
2193
2170
2158
2144
2137
1922
2259
1934
2495
2495
2495
2496
2496
2497
2497
2498
2499
2499
2500
2501
2502
2503
2504
2506
2507
2508
2511
2514
2518
2522
2527
2532
2538
2544
2551
2558
2571
2592
2617
2649
2691
2751
2857
3567
3495
2782
2625
2538
2475
2425
2383
2346
2314
2284
2258
2222
2179
2140
2105
2073
2043
2015
1988
1963
1927
2248
2210
2193
2170
2158
2144
2137
1922
2259
1934
2495
2495
2495
2496
2496
2497
2497
2498
2499
2499
2500
2501
2502
2503
2504
2506
2507
2508
2511
2514
2518
2522
2527
2532
2538
2544
2551
2558
2571
2592
2617
2649
2691
2751
2857
3567
3495
2782
2625
2538
2475
2425
2383
2346
2314
2284
2258
2222
2179
2140
2105
2073
2043
2015
1988
1963
1927
2248
2210
2193
2170
2158
2144
2137
1922
2259
1934
2495
2495
2495
2496
2496
2497
2497
2498
2499
2499
2500
2501
2502
2503
2504
2506
2507
2508
2511
2514
2518
2522
2527
2532
2538
2544
2551
2558
2571
2592
2617
2649
2691
2751
2857
3567
3495
2782
2625
2538
2475
2425
2383
2346
2314
2284
2258
2222
2179
2140
2105
2073
2043
2015
1988
1963
1927
2248
2210
2193
2170
2158
2144
2137
1922
2259
1934
2495
2495
2495
2496
2496
2497
2497
2498
2499
2499
2500
2501
2502
2503
2504
2506
2507
2508
2511
2514
2518
2522
2527
2532
2538
2544
2551
2558
2571
2592
2617
2649
2691
2751
2857
3567
3495
2782
2625
2538
2475
2425
2383
2346
2314
2284
2258
2222
2179
2140
2105
2073
2043
2015
1988
1963
1927
2248
2210
2193
2170
2158
2144
2137
1922
2259
1934
2495
2495
2495
2496
2496
2497
2497
2498
2499
2499
2500
2501
2502
2503
2504
2506
2507
2508
2511
2514
2518
2522
2527
2532
2538
2544
2551
2558
2571
2592
2617
2649
2691
2751
2857
3567
3495
2782
2625
2538
2475
2425
2383
2346
2314
2284
2258
2222
2179
2140
2105
2073
2043
2015
1988
1963
1927
2248
2210
2193
2170
2158
2144
2137
1922
2259
1934
2495
2495
2495
2496
2496
2497
2497
2498
2499
2499
2500
2501
2502
2503
2504
2506
2507
2508
2511
2514
2518
2522
2527
2532
2538
2544
2551
2558
2571
2592
2617
2649
2691
2751
2857
3567
3495
2782
2625
2538
2475
2425
2383
2346
2314
2284
2258
2222
2179
2140
2105
2073
2043
2015
1988
1963
1927
2248
2210
2193
2170
2158
2144
2137
1922
2259
1934
2495
2495
2495
2496
2496
2497
2497
2498
2499
2499
2500
2501
2502
2503
2504
2506
2507
2508
2511
2514
2518
2522
2527
2532
2538
2544
2551
2558
2571
2592
2617
2649
2691
2751
2857
3567
3495
2782
2625
2538
2475
2425
2383
2346
2314
2284
2258
2222
2179
2140
2105
2073
2043
2015
1988
1963
1927
2248
2210
2193
2170
2158
2144
2137
1922
2259
1934
2495
2495
2495
2496
2496
2497
2497
2498
2499
2499
2500
2501
2502
2503
2504
2506
2507
2508
2511
2514
2518
2522
2527
2532
2538
2544
2551
2558
2571
2592
2617
2649
2691
2751
2857
3567
3495
2782
2625
2538
2475
2425
2383
2346
2314
2284
2258
2222
2179
2140
2105
2073
2043
2015
1988
1963
1927
2248
2210
2193
2170
2158
2144
2137
1922
2259
1934
2495
2495
2495
2496
2496
2497
2497
2498
2499
2499
2500
2501
2502
2503
2504
2506
2507
2508
2511
2514
2518
2522
2527
2532
2538
2544
2551
2558
2571
2592
2617
2649
2691
2751
2857
3567
3495
2782
2625
2538
2475
2425
2383
2346
2314
2284
2258
2222
2179
2140
2105
2073
2043
2015
1988
1963
1927
2248
2210
2193
2170
2158
2144
2137
1922
2259
1934
2495
2495
2495
2496
2496
2497
2497
2498
2499
2499
2500
2501
2502
2503
2504
2506
2507
2508
2511
2514
2518
2522
2527
2532
2538
2544
2551
2558
2571
2592
2617
2649
2691
2751
2857
3567
3495
2782
2625
2538
2475
2425
2383
2346
2314
2284
2258
2222
2179
2140
2105
2073
2043
2015
1988
1963
1927
2248
2210
2193
2170
2158
2144
2137
1922
2259
1934
2495
2495
2495
2496
2496
2497
2497
2498
2499
2499
2500
2501
2502
2503
2504
2506
2507
2508
2511
2514
2518
2522
2527
2532
2538
2544
2551
2558
2571
2592
2617
2649
2691
2751
2857
3567
3495
2782
2625
2538
2475
2425
2383
2346
2314
2284
2258
2222
2179
2140
2105
2073
2043
2015
1988
1963
1927
2248
2210
2193
2170
2158
2144
2137
1922
2259
1934
2495
2495
2495
2496
2496
2497
2497
2498
2499
2499
2500
2501
2502
2503
2504
2506
2507
2508
2511
2514
2518
2522
2527
2532
2538
2544
2551
2558
2571
2592
2617
2649
2691
2751
2857
3567
3495
2782
2625
2538
2475
2425
2383
2346
2314
2284
2258
2222
2179
2140
2105
2073
2043
2015
1988
1963
1927
2248
2210
2193
2170
2158
2144
2137
1922
2259
1934
2495
2495
2495
2496
2496
2497
2497
2498
2499
2499
2500
2501
2502
2503
2504
2506
2507
2508
2511
2514
2518
2522
2527
2532
2538
2544
2551
2558
2571
2592
2617
2649
2691
2751
2857
3567
3495
2782
2625
2538
2475
2425
2383
2346
2314
2284
2258
2222
2179
2140
2105
2073
2043
2015
1988
1963
1927
2248
2210
2193
2170
2158
2144
2137
1922
2259
1934
2495
2495
2495
2496
2496
2497
2497
2498
2499
2499
2500
2501
2502
2503
2504
2506
2507
2508
2511
2514
2518
2522
2527
2532
2538
2544
2551
2558
2571
2592
2617
2649
2691
2751
2857
3567
3495
2782
2625
2538
2475
2425
2383
2346
2314
2284
2258
2222
2179
2140
2105
2073
2043
2015
1988
1963
1927
2248
2210
2193
2170
2158
2144
2137
1922
2259
1934
2495
2495
2495
2496
2496
2497
2497
2498
2499
2499
2500
2501
2502
2503
2504
2506
2507
2508
2511
2514
2518
2522
2527
2532
2538
2544
2551
2558
2571
2592
2617
2649
2691
2751
2857
3567
3495
2782
2625
2538
2475
2425
2383
2346
2314
2284
2258
2222
2179
2140
2105
2073
2043
2015
1988
1963
1927
2248
2210
2193
2170
2158
2144
2137
1922
2259
1934
2495
2495
2495
2496
2496
2497
2497
2498
2499
2499
2500
2501
2502
2503
2504
2506
2507
2508
2511
2514
2518
2522
2527
2532
2538
2544
2551
2558
2571
2592
2617
2649
2691
2751
2857
3567
3495
2782
2625
2538
2475
2425
2383
2346
2314
2284
2258
2222
2179
2140
2105
2073
2043
2015
1988
1963
1927
2248
2210
2193
2170
2158
2144
2137
1922
2259
1934
2495
2495
2495
2496
2496
2497
2497
2498
2499
2499
2500
2501
2502
2503
2504
2506
2507
2508
2511
2514
2518
2522
2527
2532
2538
2544
2551
2558
2571
2592
2617
2649
2691
2751
2857
3567
3495
2782
2625
2538
2475
2425
2383
2346
2314
2284
2258
2222
2179
2140
2105
2073
2043
2015
1988
1963
1927
2248
2210
2193
2170
2158
2144
2137
1922
2259
1934
2495
2495
2495
2496
2496
2497
2497
2498
2499
2499
2500
2501
2502
2503
2504
2506
2507
2508
2511
2514
2518
2522
2527
2532
2538
2544
2551
2558
2571
2592
2617
2649
2691
2751
2857
3567
3495
2782
2625
2538
2475
2425
2383
2346
2314
2284
2258
2222
2179
2140
2105
2073
2043
2015
1988
1963
1927
2248
2210
2193
2170
2158
2144
2137
1922
2259
1934
2495
2495
2495
2496
2496
2497
2497
2498
2499
2499
2500
2501
2502
2503
2504
2506
2507
2508
2511
2514
2518
2522
2527
2532
2538
2544
2551
2558
2571
2592
2617
2649
2691
2751
2857
3567
3495
2782
2625
2538
2475
2425
2383
2346
2314
2284
2258
2222
2179
2140
2105
2073
2043
2015
1988
1963
1927
2248
2210
2193
2170
2158
2144
2137
1922
2259
1934
2495
2495
2495
2496
2496
2497
2497
2498
2499
2499
2500
2501
2502
2503
2504
2506
2507
2508
2511
2514
2518
2522
2527
2532
2538
2544
2551
2558
2571
2592
2617
2649
2691
2751
2857
3567
3495
2782
2625
2538
2475
2425
2383
2346
2314
2284
2258
2222
2179
2140
2105
2073
2043
2015
1988
1963
1927
2248
2210
2193
2170
2158
2144
2137
1922
2259
1934
2495
2495
2495
2496
2496
2497
2497
2498
2499
2499
2500
2501
2502
2503
2504
2506
2507
2508
2511
2514
2518
2522
2527
2532
2538
2544
2551
2558
2571
2592
2617
2649
2691
2751
2857
3567
3495
2782
2625
2538
2475
2425
2383
2346
2314
2284
2258
2222
2179
2140
2105
2073
2043
2015
1988
1963
1927
2248
2210
2193
2170
2158
2144
2137
1922
2259
1934
2495
2495
2495
2496
2496
2497
2497
2498
2499
2499
2500
2501
2502
2503
2504
2506
2507
2508
2511
2514
2518
2522
2527
2532
2538
2544
2551
2558
2571
2592
2617
2649
2691
2751
2857
3567
3495
2782
2625
2538
2475
2425
2383
2346
2314
2284
2258
2222
2179
2140
2105
2073
2043
2015
1988
1963
1927
2248
2210
2193
2170
2158
2144
2137
1922
2259
1934
2495
2495
2495
2496
2496
2497
2497
2498
2499
2499
2500
2501
2502
2503
2504
2506
2507
2508
2511
2514
2518
2522
2527
2532
2538
2544
2551
2558
2571
2592
2617
2649
2691
2751
2857
3567
3495
2782
2625
2538
2475
2425
2383
2346
2314
2284
2258
2222
2179
2140
2105
2073
2043
2015
1988
1963
1927
2248
2210
2193
2170
2158
2144
2137
1922
2259
1934
2495
2495
2495
2496
2496
2497
2497
2498
2499
2499
2500
2501
2502
2503
2504
2506
2507
2508
2511
2514
2518
2522
2527
2532
2538
2544
2551
2558
2571
2592
2617
2649
2691
2751
2857
3567
3495
2782
2625
2538
2475
2425
2383
2346
2314
2284
2258
2222
2179
2140
2105
2073
2043
2015
1988
1963
1927
2248
2210
2193
2170
2158
2144
2137
1922
2259
1934
2495
2495
2495
2496
2496
2497
2497
2498
2499
2499
2500
2501
2502
2503
2504
2506
2507
2508
2511
2514
2518
2522
2527
2532
2538
2544
2551
2558
2571
2592
2617
2649
2691
2751
2857
3567
3495
2782
2625
2538
2475
2425
2383
2346
2314
2284
2258
2222
2179
2140
2105
2073
2043
2015
1988
1963
1927
2248
2210
2193
2170
2158
2144
2137
1922
2259
1934
2495
2495
2495
2496
2496
2497
2497
2498
2499
2499
2500
2501
2502
2503
2504
2506
2507
2508
2511
2514
2518
2522
2527
2532
2538
2544
2551
2558
2571
2592
2617
2649
2691
2751
2857
3567
3495
2782
2625
2538
2475
2425
2383
2346
2314
2284
2258
2222
2179
2140
2105
2073
2043
2015
1988
1963
1927
2248
2210
2193
2170
2158
2144
2137
1922
2259
1934
2495
2495
2495
2496
2496
2497
2497
2498
2499
2499
2500
2501
2502
2503
2504
2506
2507
2508
2511
2514
2518
2522
2527
2532
2538
2544
2551
2558
2571
2592
2617
2649
2691
2751
2857
3567
3495
2782
2625
2538
2475
2425
2383
2346
2314
2284
2258
2222
2179
2140
2105
2073
2043
2015
1988
1963
1927
2248
2210
2193
2170
2158
2144
2137
1922
2259
1934
2495
2495
2495
2496
2496
2497
2497
2498
2499
2499
2500
2501
2502
2503
2504
2506
2507
2508
2511
2514
2518
2522
2527
2532
2538
2544
2551
2558
2571
2592
2617
2649
2691
2751
2857
3567
3495
2782
2625
2538
2475
2425
2383
2346
2314
2284
2258
2222
2179
2140
2105
2073
2043
2015
1988
1963
1927
2248
2210
2193
2170
2158
2144
2137
1922
2259
1934
2495
2495
2495
2496
2496
2497
2497
2498
2499
2499
2500
2501
2502
2503
2504
2506
2507
2508
2511
2514
2518
2522
2527
2532
2538
2544
2551
2558
2571
2592
2617
2649
2691
2751
2857
3567
3495
2782
2625
2538
2475
2425
2383
2346
2314
2284
2258
2222
2179
2140
2105
2073
2043
2015
1988
1963
1927
2248
2210
2193
2170
2158
2144
2137
1922
2259
1934
2495
2495
2495
2496
2496
2497
2497
2498
2499
2499
2500
2501
2502
2503
2504
2506
2507
2508
2511
2514
2518
2522
2527
2532
2538
2544
2551
2558
2571
2592
2617
2649
2691
2751
2857
3567
3495
2782
2625
2538
2475
2425
2383
2346
2314
2284
2258
2222
2179
2140
2105
2073
2043
2015
1988
1963
1927
2248
2210
2193
2170
2158
2144
2137
1922
2259
1934
2495
2495
2495
2496
2496
2497
2497
2498
2499
2499
2500
2501
2502
2503
2504
2506
2507
2508
2511
2514
2518
2522
2527
2532
2538
2544
2551
2558
2571
2592
2617
2649
2691
2751
2857
3567
3495
2782
2625
2538
2475
2425
2383
2346
2314
2284
2258
2222
2179
2140
2105
2073
2043
2015
1988
1963
1927
2248
2210
2193
2170
2158
2144
2137
1922
2259
1934
2495
2495
2495
2496
2496
2497
2497
2498
2499
2499
2500
2501
2502
2503
2504
2506
2507
2508
2511
2514
2518
2522
2527
2532
2538
2544
2551
2558
2571
2592
2617
2649
2691
2751
2857
3567
3495
2782
2625
2538
2475
2425
2383
2346
2314
2284
2258
2222
2179
2140
2105
2073
2043
2015
1988
1963
1927
2248
2210
2193
2170
2158
2144
2137
1922
2259
1934
2451
2451
2451
2452
2452
2453
2453
2454
2454
2455
2456
2457
2458
2459
2460
2462
2463
2465
2467
2470
2474
2478
2483
2488
2494
2500
2507
2515
2528
2549
2574
2606
2648
2709
2816
3567
3495
2742
2584
2498
2436
2386
2345
2310
2278
2250
2224
2191
2150
2115
2083
2055
2030
2007
1986
1967
1942
2215
2179
2164
2142
2131
2118
2112
1938
2225
1939
