2995
3014
3028
3038
3047
3054
3060
3066
3071
3076
3080
3084
3088
3091
3095
3098
3101
3104
3108
3113
3118
3123
3127
3132
3136
3141
3145
3150
3156
3166
3176
3188
3202
3221
3249
3287
1264
1191
1160
1144
1133
1125
1119
1115
1111
1109
1107
1105
1104
1106
1110
1117
1130
1158
1186
3207
3153
1106
1104
1104
1104
1104
1105
1106
3146
1096
3183
2995
3014
3028
3038
3047
3054
3060
3066
3071
3076
3080
3084
3088
3091
3095
3098
3101
3104
3108
3113
3118
3123
3127
3132
3136
3141
3145
3150
3156
3166
3176
3188
3202
3221
3249
3287
1264
1191
1160
1144
1133
1125
1119
1115
1111
1109
1107
1105
1104
1106
1110
1117
1130
1158
1186
3207
3153
1106
1104
1104
1104
1104
1105
1106
3146
1096
3183
2995
3014
3028
3038
3047
3054
3060
3066
3071
3076
3080
3084
3088
3091
3095
3098
3101
3104
3108
3113
3118
3123
3127
3132
3136
3141
3145
3150
3156
3166
3176
3188
3202
3221
3249
3287
1264
1191
1160
1144
1133
1125
1119
1115
1111
1109
1107
1105
1104
1106
1110
1117
1130
1158
1186
3207
3153
1106
1104
1104
1104
1104
1105
1106
3146
1096
3183
2995
3014
3028
3038
3047
3054
3060
3066
3071
3076
3080
3084
3088
3091
3095
3098
3101
3104
3108
3113
3118
3123
3127
3132
3136
3141
3145
3150
3156
3166
3176
3188
3202
3221
3249
3287
1264
1191
1160
1144
1133
1125
1119
1115
1111
1109
1107
1105
1104
1106
1110
1117
1130
1158
1186
3207
3153
1106
1104
1104
1104
1104
1105
1106
3146
1096
3183
2995
3014
3028
3038
3047
3054
3060
3066
3071
3076
3080
3084
3088
3091
3095
3098
3101
3104
3108
3113
3118
3123
3127
3132
3136
3141
3145
3150
3156
3166
3176
3188
3202
3221
3249
3287
1264
1191
1160
1144
1133
1125
1119
1115
1111
1109
1107
1105
1104
1106
1110
1117
1130
1158
1186
3207
3153
1106
1104
1104
1104
1104
1105
1106
3146
1096
3183
2995
3014
3028
3038
3047
3054
3060
3066
3071
3076
3080
3084
3088
3091
3095
3098
3101
3104
3108
3113
3118
3123
3127
3132
3136
3141
3145
3150
3156
3166
3176
3188
3202
3221
3249
3287
1264
1191
1160
1144
1133
1125
1119
1115
1111
1109
1107
1105
1104
1106
1110
1117
1130
1158
1186
3207
3153
1106
1104
1104
1104
1104
1105
1106
3146
1096
3183
2995
3014
3028
3038
3047
3054
3060
3066
3071
3076
3080
3084
3088
3091
3095
3098
3101
3104
3108
3113
3118
3123
3127
3132
3136
3141
3145
3150
3156
3166
3176
3188
3202
3221
3249
3287
1264
1191
1160
1144
1133
1125
1119
1115
1111
1109
1107
1105
1104
1106
1110
1117
1130
1158
1186
3207
3153
1106
1104
1104
1104
1104
1105
1106
3146
1096
3183
2995
3014
3028
3038
3047
3054
3060
3066
3071
3076
3080
3084
3088
3091
3095
3098
3101
3104
3108
3113
3118
3123
3127
3132
3136
3141
3145
3150
3156
3166
3176
3188
3202
3221
3249
3287
1264
1191
1160
1144
1133
1125
1119
1115
1111
1109
1107
1105
1104
1106
1110
1117
1130
1158
1186
3207
3153
1106
1104
1104
1104
1104
1105
1106
3146
1096
3183
2995
3014
3028
3038
3047
3054
3060
3066
3071
3076
3080
3084
3088
3091
3095
3098
3101
3104
3108
3113
3118
3123
3127
3132
3136
3141
3145
3150
3156
3166
3176
3188
3202
3221
3249
3287
1264
1191
1160
1144
1133
1125
1119
1115
1111
1109
1107
1105
1104
1106
1110
1117
1130
1158
1186
3207
3153
1106
1104
1104
1104
1104
1105
1106
3146
1096
3183
2995
3014
3028
3038
3047
3054
3060
3066
3071
3076
3080
3084
3088
3091
3095
3098
3101
3104
3108
3113
3118
3123
3127
3132
3136
3141
3145
3150
3156
3166
3176
3188
3202
3221
3249
3287
1264
1191
1160
1144
1133
1125
1119
1115
1111
1109
1107
1105
1104
1106
1110
1117
1130
1158
1186
3207
3153
1106
1104
1104
1104
1104
1105
1106
3146
1096
3183
2995
3014
3028
3038
3047
3054
3060
3066
3071
3076
3080
3084
3088
3091
3095
3098
3101
3104
3108
3113
3118
3123
3127
3132
3136
3141
3145
3150
3156
3166
3176
3188
3202
3221
3249
3287
1264
1191
1160
1144
1133
1125
1119
1115
1111
1109
1107
1105
1104
1106
1110
1117
1130
1158
1186
3207
3153
1106
1104
1104
1104
1104
1105
1106
3146
1096
3183
2995
3014
3028
3038
3047
3054
3060
3066
3071
3076
3080
3084
3088
3091
3095
3098
3101
3104
3108
3113
3118
3123
3127
3132
3136
3141
3145
3150
3156
3166
3176
3188
3202
3221
3249
3287
1264
1191
1160
1144
1133
1125
1119
1115
1111
1109
1107
1105
1104
1106
1110
1117
1130
1158
1186
3207
3153
1106
1104
1104
1104
1104
1105
1106
3146
1096
3183
2995
3014
3028
3038
3047
3054
3060
3066
3071
3076
3080
3084
3088
3091
3095
3098
3101
3104
3108
3113
3118
3123
3127
3132
3136
3141
3145
3150
3156
3166
3176
3188
3202
3221
3249
3287
1264
1191
1160
1144
1133
1125
1119
1115
1111
1109
1107
1105
1104
1106
1110
1117
1130
1158
1186
3207
3153
1106
1104
1104
1104
1104
1105
1106
3146
1096
3183
2995
3014
3028
3038
3047
3054
3060
3066
3071
3076
3080
3084
3088
3091
3095
3098
3101
3104
3108
3113
3118
3123
3127
3132
3136
3141
3145
3150
3156
3166
3176
3188
3202
3221
3249
3287
1264
1191
1160
1144
1133
1125
1119
1115
1111
1109
1107
1105
1104
1106
1110
1117
1130
1158
1186
3207
3153
1106
1104
1104
1104
1104
1105
1106
3146
1096
3183
2995
3014
3028
3038
3047
3054
3060
3066
3071
3076
3080
3084
3088
3091
3095
3098
3101
3104
3108
3113
3118
3123
3127
3132
3136
3141
3145
3150
3156
3166
3176
3188
3202
3221
3249
3287
1264
1191
1160
1144
1133
1125
1119
1115
1111
1109
1107
1105
1104
1106
1110
1117
1130
1158
1186
3207
3153
1106
1104
1104
1104
1104
1105
1106
3146
1096
3183
2995
3014
3028
3038
3047
3054
3060
3066
3071
3076
3080
3084
3088
3091
3095
3098
3101
3104
3108
3113
3118
3123
3127
3132
3136
3141
3145
3150
3156
3166
3176
3188
3202
3221
3249
3287
1264
1191
1160
1144
1133
1125
1119
1115
1111
1109
1107
1105
1104
1106
1110
1117
1130
1158
1186
3207
3153
1106
1104
1104
1104
1104
1105
1106
3146
1096
3183
2995
3014
3028
3038
3047
3054
3060
3066
3071
3076
3080
3084
3088
3091
3095
3098
3101
3104
3108
3113
3118
3123
3127
3132
3136
3141
3145
3150
3156
3166
3176
3188
3202
3221
3249
3287
1264
1191
1160
1144
1133
1125
1119
1115
1111
1109
1107
1105
1104
1106
1110
1117
1130
1158
1186
3207
3153
1106
1104
1104
1104
1104
1105
1106
3146
1096
3183
2995
3014
3028
3038
3047
3054
3060
3066
3071
3076
3080
3084
3088
3091
3095
3098
3101
3104
3108
3113
3118
3123
3127
3132
3136
3141
3145
3150
3156
3166
3176
3188
3202
3221
3249
3287
1264
1191
1160
1144
1133
1125
1119
1115
1111
1109
1107
1105
1104
1106
1110
1117
1130
1158
1186
3207
3153
1106
1104
1104
1104
1104
1105
1106
3146
1096
3183
2995
3014
3028
3038
3047
3054
3060
3066
3071
3076
3080
3084
3088
3091
3095
3098
3101
3104
3108
3113
3118
3123
3127
3132
3136
3141
3145
3150
3156
3166
3176
3188
3202
3221
3249
3287
1264
1191
1160
1144
1133
1125
1119
1115
1111
1109
1107
1105
1104
1106
1110
1117
1130
1158
1186
3207
3153
1106
1104
1104
1104
1104
1105
1106
3146
1096
3183
2995
3014
3028
3038
3047
3054
3060
3066
3071
3076
3080
3084
3088
3091
3095
3098
3101
3104
3108
3113
3118
3123
3127
3132
3136
3141
3145
3150
3156
3166
3176
3188
3202
3221
3249
3287
1264
1191
1160
1144
1133
1125
1119
1115
1111
1109
1107
1105
1104
1106
1110
1117
1130
1158
1186
3207
3153
1106
1104
1104
1104
1104
1105
1106
3146
1096
3183
2995
3014
3028
3038
3047
3054
3060
3066
3071
3076
3080
3084
3088
3091
3095
3098
3101
3104
3108
3113
3118
3123
3127
3132
3136
3141
3145
3150
3156
3166
3176
3188
3202
3221
3249
3287
1264
1191
1160
1144
1133
1125
1119
1115
1111
1109
1107
1105
1104
1106
1110
1117
1130
1158
1186
3207
3153
1106
1104
1104
1104
1104
1105
1106
3146
1096
3183
2995
3014
3028
3038
3047
3054
3060
3066
3071
3076
3080
3084
3088
3091
3095
3098
3101
3104
3108
3113
3118
3123
3127
3132
3136
3141
3145
3150
3156
3166
3176
3188
3202
3221
3249
3287
1264
1191
1160
1144
1133
1125
1119
1115
1111
1109
1107
1105
1104
1106
1110
1117
1130
1158
1186
3207
3153
1106
1104
1104
1104
1104
1105
1106
3146
1096
3183
2995
3014
3028
3038
3047
3054
3060
3066
3071
3076
3080
3084
3088
3091
3095
3098
3101
3104
3108
3113
3118
3123
3127
3132
3136
3141
3145
3150
3156
3166
3176
3188
3202
3221
3249
3287
1264
1191
1160
1144
1133
1125
1119
1115
1111
1109
1107
1105
1104
1106
1110
1117
1130
1158
1186
3207
3153
1106
1104
1104
1104
1104
1105
1106
3146
1096
3183
2995
3014
3028
3038
3047
3054
3060
3066
3071
3076
3080
3084
3088
3091
3095
3098
3101
3104
3108
3113
3118
3123
3127
3132
3136
3141
3145
3150
3156
3166
3176
3188
3202
3221
3249
3287
1264
1191
1160
1144
1133
1125
1119
1115
1111
1109
1107
1105
1104
1106
1110
1117
1130
1158
1186
3207
3153
1106
1104
1104
1104
1104
1105
1106
3146
1096
3183
2995
3014
3028
3038
3047
3054
3060
3066
3071
3076
3080
3084
3088
3091
3095
3098
3101
3104
3108
3113
3118
3123
3127
3132
3136
3141
3145
3150
3156
3166
3176
3188
3202
3221
3249
3287
1264
1191
1160
1144
1133
1125
1119
1115
1111
1109
1107
1105
1104
1106
1110
1117
1130
1158
1186
3207
3153
1106
1104
1104
1104
1104
1105
1106
3146
1096
3183
2995
3014
3028
3038
3047
3054
3060
3066
3071
3076
3080
3084
3088
3091
3095
3098
3101
3104
3108
3113
3118
3123
3127
3132
3136
3141
3145
3150
3156
3166
3176
3188
3202
3221
3249
3287
1264
1191
1160
1144
1133
1125
1119
1115
1111
1109
1107
1105
1104
1106
1110
1117
1130
1158
1186
3207
3153
1106
1104
1104
1104
1104
1105
1106
3146
1096
3183
2995
3014
3028
3038
3047
3054
3060
3066
3071
3076
3080
3084
3088
3091
3095
3098
3101
3104
3108
3113
3118
3123
3127
3132
3136
3141
3145
3150
3156
3166
3176
3188
3202
3221
3249
3287
1264
1191
1160
1144
1133
1125
1119
1115
1111
1109
1107
1105
1104
1106
1110
1117
1130
1158
1186
3207
3153
1106
1104
1104
1104
1104
1105
1106
3146
1096
3183
2995
3014
3028
3038
3047
3054
3060
3066
3071
3076
3080
3084
3088
3091
3095
3098
3101
3104
3108
3113
3118
3123
3127
3132
3136
3141
3145
3150
3156
3166
3176
3188
3202
3221
3249
3287
1264
1191
1160
1144
1133
1125
1119
1115
1111
1109
1107
1105
1104
1106
1110
1117
1130
1158
1186
3207
3153
1106
1104
1104
1104
1104
1105
1106
3146
1096
3183
2995
3014
3028
3038
3047
3054
3060
3066
3071
3076
3080
3084
3088
3091
3095
3098
3101
3104
3108
3113
3118
3123
3127
3132
3136
3141
3145
3150
3156
3166
3176
3188
3202
3221
3249
3287
1264
1191
1160
1144
1133
1125
1119
1115
1111
1109
1107
1105
1104
1106
1110
1117
1130
1158
1186
3207
3153
1106
1104
1104
1104
1104
1105
1106
3146
1096
3183
2995
3014
3028
3038
3047
3054
3060
3066
3071
3076
3080
3084
3088
3091
3095
3098
3101
3104
3108
3113
3118
3123
3127
3132
3136
3141
3145
3150
3156
3166
3176
3188
3202
3221
3249
3287
1264
1191
1160
1144
1133
1125
1119
1115
1111
1109
1107
1105
1104
1106
1110
1117
1130
1158
1186
3207
3153
1106
1104
1104
1104
1104
1105
1106
3146
1096
3183
2995
3014
3028
3038
3047
3054
3060
3066
3071
3076
3080
3084
3088
3091
3095
3098
3101
3104
3108
3113
3118
3123
3127
3132
3136
3141
3145
3150
3156
3166
3176
3188
3202
3221
3249
3287
1264
1191
1160
1144
1133
1125
1119
1115
1111
1109
1107
1105
1104
1106
1110
1117
1130
1158
1186
3207
3153
1106
1104
1104
1104
1104
1105
1106
3146
1096
3183
2995
3014
3028
3038
3047
3054
3060
3066
3071
3076
3080
3084
3088
3091
3095
3098
3101
3104
3108
3113
3118
3123
3127
3132
3136
3141
3145
3150
3156
3166
3176
3188
3202
3221
3249
3287
1264
1191
1160
1144
1133
1125
1119
1115
1111
1109
1107
1105
1104
1106
1110
1117
1130
1158
1186
3207
3153
1106
1104
1104
1104
1104
1105
1106
3146
1096
3183
2995
3014
3028
3038
3047
3054
3060
3066
3071
3076
3080
3084
3088
3091
3095
3098
3101
3104
3108
3113
3118
3123
3127
3132
3136
3141
3145
3150
3156
3166
3176
3188
3202
3221
3249
3287
1264
1191
1160
1144
1133
1125
1119
1115
1111
1109
1107
1105
1104
1106
1110
1117
1130
1158
1186
3207
3153
1106
1104
1104
1104
1104
1105
1106
3146
1096
3183
2995
3014
3028
3038
3047
3054
3060
3066
3071
3076
3080
3084
3088
3091
3095
3098
3101
3104
3108
3113
3118
3123
3127
3132
3136
3141
3145
3150
3156
3166
3176
3188
3202
3221
3249
3287
1264
1191
1160
1144
1133
1125
1119
1115
1111
1109
1107
1105
1104
1106
1110
1117
1130
1158
1186
3207
3153
1106
1104
1104
1104
1104
1105
1106
3146
1096
3183
2995
3014
3028
3038
3047
3054
3060
3066
3071
3076
3080
3084
3088
3091
3095
3098
3101
3104
3108
3113
3118
3123
3127
3132
3136
3141
3145
3150
3156
3166
3176
3188
3202
3221
3249
3287
1264
1191
1160
1144
1133
1125
1119
1115
1111
1109
1107
1105
1104
1106
1110
1117
1130
1158
1186
3207
3153
1106
1104
1104
1104
1104
1105
1106
3146
1096
3183
2995
3014
3028
3038
3047
3054
3060
3066
3071
3076
3080
3084
3088
3091
3095
3098
3101
3104
3108
3113
3118
3123
3127
3132
3136
3141
3145
3150
3156
3166
3176
3188
3202
3221
3249
3287
1264
1191
1160
1144
1133
1125
1119
1115
1111
1109
1107
1105
1104
1106
1110
1117
1130
1158
1186
3207
3153
1106
1104
1104
1104
1104
1105
1106
3146
1096
3183
2995
3014
3028
3038
3047
3054
3060
3066
3071
3076
3080
3084
3088
3091
3095
3098
3101
3104
3108
3113
3118
3123
3127
3132
3136
3141
3145
3150
3156
3166
3176
3188
3202
3221
3249
3287
1264
1191
1160
1144
1133
1125
1119
1115
1111
1109
1107
1105
1104
1106
1110
1117
1130
1158
1186
3207
3153
1106
1104
1104
1104
1104
1105
1106
3146
1096
3183
2995
3014
3028
3038
3047
3054
3060
3066
3071
3076
3080
3084
3088
3091
3095
3098
3101
3104
3108
3113
3118
3123
3127
3132
3136
3141
3145
3150
3156
3166
3176
3188
3202
3221
3249
3287
1264
1191
1160
1144
1133
1125
1119
1115
1111
1109
1107
1105
1104
1106
1110
1117
1130
1158
1186
3207
3153
1106
1104
1104
1104
1104
1105
1106
3146
1096
3183
2995
3014
3028
3038
3047
3054
3060
3066
3071
3076
3080
3084
3088
3091
3095
3098
3101
3104
3108
3113
3118
3123
3127
3132
3136
3141
3145
3150
3156
3166
3176
3188
3202
3221
3249
3287
1264
1191
1160
1144
1133
1125
1119
1115
1111
1109
1107
1105
1104
1106
1110
1117
1130
1158
1186
3207
3153
1106
1104
1104
1104
1104
1105
1106
3146
1096
3183
2995
3014
3028
3038
3047
3054
3060
3066
3071
3076
3080
3084
3088
3091
3095
3098
3101
3104
3108
3113
3118
3123
3127
3132
3136
3141
3145
3150
3156
3166
3176
3188
3202
3221
3249
3287
1264
1191
1160
1144
1133
1125
1119
1115
1111
1109
1107
1105
1104
1106
1110
1117
1130
1158
1186
3207
3153
1106
1104
1104
1104
1104
1105
1106
3146
1096
3183
2995
3014
3028
3038
3047
3054
3060
3066
3071
3076
3080
3084
3088
3091
3095
3098
3101
3104
3108
3113
3118
3123
3127
3132
3136
3141
3145
3150
3156
3166
3176
3188
3202
3221
3249
3287
1264
1191
1160
1144
1133
1125
1119
1115
1111
1109
1107
1105
1104
1106
1110
1117
1130
1158
1186
3207
3153
1106
1104
1104
1104
1104
1105
1106
3146
1096
3183
2995
3014
3028
3038
3047
3054
3060
3066
3071
3076
3080
3084
3088
3091
3095
3098
3101
3104
3108
3113
3118
3123
3127
3132
3136
3141
3145
3150
3156
3166
3176
3188
3202
3221
3249
3287
1264
1191
1160
1144
1133
1125
1119
1115
1111
1109
1107
1105
1104
1106
1110
1117
1130
1158
1186
3207
3153
1106
1104
1104
1104
1104
1105
1106
3146
1096
3183
2995
3014
3028
3038
3047
3054
3060
3066
3071
3076
3080
3084
3088
3091
3095
3098
3101
3104
3108
3113
3118
3123
3127
3132
3136
3141
3145
3150
3156
3166
3176
3188
3202
3221
3249
3287
1264
1191
1160
1144
1133
1125
1119
1115
1111
1109
1107
1105
1104
1106
1110
1117
1130
1158
1186
3207
3153
1106
1104
1104
1104
1104
1105
1106
3146
1096
3183
2995
3014
3028
3038
3047
3054
3060
3066
3071
3076
3080
3084
3088
3091
3095
3098
3101
3104
3108
3113
3118
3123
3127
3132
3136
3141
3145
3150
3156
3166
3176
3188
3202
3221
3249
3287
1264
1191
1160
1144
1133
1125
1119
1115
1111
1109
1107
1105
1104
1106
1110
1117
1130
1158
1186
3207
3153
1106
1104
1104
1104
1104
1105
1106
3146
1096
3183
2995
3014
3028
3038
3047
3054
3060
3066
3071
3076
3080
3084
3088
3091
3095
3098
3101
3104
3108
3113
3118
3123
3127
3132
3136
3141
3145
3150
3156
3166
3176
3188
3202
3221
3249
3287
1264
1191
1160
1144
1133
1125
1119
1115
1111
1109
1107
1105
1104
1106
1110
1117
1130
1158
1186
3207
3153
1106
1104
1104
1104
1104
1105
1106
3146
1096
3183
2995
3014
3028
3038
3047
3054
3060
3066
3071
3076
3080
3084
3088
3091
3095
3098
3101
3104
3108
3113
3118
3123
3127
3132
3136
3141
3145
3150
3156
3166
3176
3188
3202
3221
3249
3287
1264
1191
1160
1144
1133
1125
1119
1115
1111
1109
1107
1105
1104
1106
1110
1117
1130
1158
1186
3207
3153
1106
1104
1104
1104
1104
1105
1106
3146
1096
3183
2995
3014
3028
3038
3047
3054
3060
3066
3071
3076
3080
3084
3088
3091
3095
3098
3101
3104
3108
3113
3118
3123
3127
3132
3136
3141
3145
3150
3156
3166
3176
3188
3202
3221
3249
3287
1264
1191
1160
1144
1133
1125
1119
1115
1111
1109
1107
1105
1104
1106
1110
1117
1130
1158
1186
3207
3153
1106
1104
1104
1104
1104
1105
1106
3146
1096
3183
2995
3014
3028
3038
3047
3054
3060
3066
3071
3076
3080
3084
3088
3091
3095
3098
3101
3104
3108
3113
3118
3123
3127
3132
3136
3141
3145
3150
3156
3166
3176
3188
3202
3221
3249
3287
1264
1191
1160
1144
1133
1125
1119
1115
1111
1109
1107
1105
1104
1106
1110
1117
1130
1158
1186
3207
3153
1106
1104
1104
1104
1104
1105
1106
3146
1096
3183
2995
3014
3028
3038
3047
3054
3060
3066
3071
3076
3080
3084
3088
3091
3095
3098
3101
3104
3108
3113
3118
3123
3127
3132
3136
3141
3145
3150
3156
3166
3176
3188
3202
3221
3249
3287
1264
1191
1160
1144
1133
1125
1119
1115
1111
1109
1107
1105
1104
1106
1110
1117
1130
1158
1186
3207
3153
1106
1104
1104
1104
1104
1105
1106
3146
1096
3183
2995
3014
3028
3038
3047
3054
3060
3066
3071
3076
3080
3084
3088
3091
3095
3098
3101
3104
3108
3113
3118
3123
3127
3132
3136
3141
3145
3150
3156
3166
3176
3188
3202
3221
3249
3287
1264
1191
1160
1144
1133
1125
1119
1115
1111
1109
1107
1105
1104
1106
1110
1117
1130
1158
1186
3207
3153
1106
1104
1104
1104
1104
1105
1106
3146
1096
3183
2995
3014
3028
3038
3047
3054
3060
3066
3071
3076
3080
3084
3088
3091
3095
3098
3101
3104
3108
3113
3118
3123
3127
3132
3136
3141
3145
3150
3156
3166
3176
3188
3202
3221
3249
3287
1264
1191
1160
1144
1133
1125
1119
1115
1111
1109
1107
1105
1104
1106
1110
1117
1130
1158
1186
3207
3153
1106
1104
1104
1104
1104
1105
1106
3146
1096
3183
2995
3014
3028
3038
3047
3054
3060
3066
3071
3076
3080
3084
3088
3091
3095
3098
3101
3104
3108
3113
3118
3123
3127
3132
3136
3141
3145
3150
3156
3166
3176
3188
3202
3221
3249
3287
1264
1191
1160
1144
1133
1125
1119
1115
1111
1109
1107
1105
1104
1106
1110
1117
1130
1158
1186
3207
3153
1106
1104
1104
1104
1104
1105
1106
3146
1096
3183
2995
3014
3028
3038
3047
3054
3060
3066
3071
3076
3080
3084
3088
3091
3095
3098
3101
3104
3108
3113
3118
3123
3127
3132
3136
3141
3145
3150
3156
3166
3176
3188
3202
3221
3249
3287
1264
1191
1160
1144
1133
1125
1119
1115
1111
1109
1107
1105
1104
1106
1110
1117
1130
1158
1186
3207
3153
1106
1104
1104
1104
1104
1105
1106
3146
1096
3183
2995
3014
3028
3038
3047
3054
3060
3066
3071
3076
3080
3084
3088
3091
3095
3098
3101
3104
3108
3113
3118
3123
3127
3132
3136
3141
3145
3150
3156
3166
3176
3188
3202
3221
3249
3287
1264
1191
1160
1144
1133
1125
1119
1115
1111
1109
1107
1105
1104
1106
1110
1117
1130
1158
1186
3207
3153
1106
1104
1104
1104
1104
1105
1106
3146
1096
3183
2995
3014
3028
3038
3047
3054
3060
3066
3071
3076
3080
3084
3088
3091
3095
3098
3101
3104
3108
3113
3118
3123
3127
3132
3136
3141
3145
3150
3156
3166
3176
3188
3202
3221
3249
3287
1264
1191
1160
1144
1133
1125
1119
1115
1111
1109
1107
1105
1104
1106
1110
1117
1130
1158
1186
3207
3153
1106
1104
1104
1104
1104
1105
1106
3146
1096
3183
2995
3014
3028
3038
3047
3054
3060
3066
3071
3076
3080
3084
3088
3091
3095
3098
3101
3104
3108
3113
3118
3123
3127
3132
3136
3141
3145
3150
3156
3166
3176
3188
3202
3221
3249
3287
1264
1191
1160
1144
1133
1125
1119
1115
1111
1109
1107
1105
1104
1106
1110
1117
1130
1158
1186
3207
3153
1106
1104
1104
1104
1104
1105
1106
3146
1096
3183
2995
3014
3028
3038
3047
3054
3060
3066
3071
3076
3080
3084
3088
3091
3095
3098
3101
3104
3108
3113
3118
3123
3127
3132
3136
3141
3145
3150
3156
3166
3176
3188
3202
3221
3249
3287
1264
1191
1160
1144
1133
1125
1119
1115
1111
1109
1107
1105
1104
1106
1110
1117
1130
1158
1186
3207
3153
1106
1104
1104
1104
1104
1105
1106
3146
1096
3183
2995
3014
3028
3038
3047
3054
3060
3066
3071
3076
3080
3084
3088
3091
3095
3098
3101
3104
3108
3113
3118
3123
3127
3132
3136
3141
3145
3150
3156
3166
3176
3188
3202
3221
3249
3287
1264
1191
1160
1144
1133
1125
1119
1115
1111
1109
1107
1105
1104
1106
1110
1117
1130
1158
1186
3207
3153
1106
1104
1104
1104
1104
1105
1106
3146
1096
3183
2995
3014
3028
3038
3047
3054
3060
3066
3071
3076
3080
3084
3088
3091
3095
3098
3101
3104
3108
3113
3118
3123
3127
3132
3136
3141
3145
3150
3156
3166
3176
3188
3202
3221
3249
3287
1264
1191
1160
1144
1133
1125
1119
1115
1111
1109
1107
1105
1104
1106
1110
1117
1130
1158
1186
3207
3153
1106
1104
1104
1104
1104
1105
1106
3146
1096
3183
2995
3014
3028
3038
3047
3054
3060
3066
3071
3076
3080
3084
3088
3091
3095
3098
3101
3104
3108
3113
3118
3123
3127
3132
3136
3141
3145
3150
3156
3166
3176
3188
3202
3221
3249
3287
1264
1191
1160
1144
1133
1125
1119
1115
1111
1109
1107
1105
1104
1106
1110
1117
1130
1158
1186
3207
3153
1106
1104
1104
1104
1104
1105
1106
3146
1096
3183
2995
3014
3028
3038
3047
3054
3060
3066
3071
3076
3080
3084
3088
3091
3095
3098
3101
3104
3108
3113
3118
3123
3127
3132
3136
3141
3145
3150
3156
3166
3176
3188
3202
3221
3249
3287
1264
1191
1160
1144
1133
1125
1119
1115
1111
1109
1107
1105
1104
1106
1110
1117
1130
1158
1186
3207
3153
1106
1104
1104
1104
1104
1105
1106
3146
1096
3183
2995
3014
3028
3038
3047
3054
3060
3066
3071
3076
3080
3084
3088
3091
3095
3098
3101
3104
3108
3113
3118
3123
3127
3132
3136
3141
3145
3150
3156
3166
3176
3188
3202
3221
3249
3287
1264
1191
1160
1144
1133
1125
1119
1115
1111
1109
1107
1105
1104
1106
1110
1117
1130
1158
1186
3207
3153
1106
1104
1104
1104
1104
1105
1106
3146
1096
3183
2995
3014
3028
3038
3047
3054
3060
3066
3071
3076
3080
3084
3088
3091
3095
3098
3101
3104
3108
3113
3118
3123
3127
3132
3136
3141
3145
3150
3156
3166
3176
3188
3202
3221
3249
3287
1264
1191
1160
1144
1133
1125
1119
1115
1111
1109
1107
1105
1104
1106
1110
1117
1130
1158
1186
3207
3153
1106
1104
1104
1104
1104
1105
1106
3146
1096
3183
2969
2989
3002
3012
3022
3029
3035
3041
3046
3050
3055
3059
3063
3066
3069
3073
3076
3078
3082
3088
3093
3097
3102
3106
3111
3115
3120
3124
3131
3141
3151
3163
3177
3195
3224
3241
1243
1166
1134
1118
1107
1100
1094
1089
1086
1083
1081
1079
1079
1080
1084
1092
1105
1133
1183
3182
3128
1081
1079
1079
1079
1079
1080
1080
3120
1070
3158
