1998
1998
1998
1999
1998
1999
1999
1999
1999
2000
2000
2000
2000
2001
2001
2002
2002
2003
2003
2004
2005
2006
2008
2009
2010
2012
2014
2015
2018
2021
2025
2030
2034
2039
2044
2049
2054
2062
2073
2085
2098
2111
2124
2138
2153
2168
2184
2209
2246
2288
2337
2398
2482
2628
3474
2684
2500
2190
2217
2231
2253
2265
2281
2290
2473
2140
2609
1998
1998
1998
1999
1998
1999
1999
1999
1999
2000
2000
2000
2000
2001
2001
2002
2002
2003
2003
2004
2005
2006
2008
2009
2010
2012
2014
2015
2018
2021
2025
2030
2034
2039
2044
2049
2054
2062
2073
2085
2098
2111
2124
2138
2153
2168
2184
2209
2246
2288
2337
2398
2482
2628
3474
2684
2500
2190
2217
2231
2253
2265
2281
2290
2473
2140
2609
1998
1998
1998
1999
1998
1999
1999
1999
1999
2000
2000
2000
2000
2001
2001
2002
2002
2003
2003
2004
2005
2006
2008
2009
2010
2012
2014
2015
2018
2021
2025
2030
2034
2039
2044
2049
2054
2062
2073
2085
2098
2111
2124
2138
2153
2168
2184
2209
2246
2288
2337
2398
2482
2628
3474
2684
2500
2190
2217
2231
2253
2265
2281
2290
2473
2140
2609
1998
1998
1998
1999
1998
1999
1999
1999
1999
2000
2000
2000
2000
2001
2001
2002
2002
2003
2003
2004
2005
2006
2008
2009
2010
2012
2014
2015
2018
2021
2025
2030
2034
2039
2044
2049
2054
2062
2073
2085
2098
2111
2124
2138
2153
2168
2184
2209
2246
2288
2337
2398
2482
2628
3474
2684
2500
2190
2217
2231
2253
2265
2281
2290
2473
2140
2609
1998
1998
1998
1999
1998
1999
1999
1999
1999
2000
2000
2000
2000
2001
2001
2002
2002
2003
2003
2004
2005
2006
2008
2009
2010
2012
2014
2015
2018
2021
2025
2030
2034
2039
2044
2049
2054
2062
2073
2085
2098
2111
2124
2138
2153
2168
2184
2209
2246
2288
2337
2398
2482
2628
3474
2684
2500
2190
2217
2231
2253
2265
2281
2290
2473
2140
2609
1998
1998
1998
1999
1998
1999
1999
1999
1999
2000
2000
2000
2000
2001
2001
2002
2002
2003
2003
2004
2005
2006
2008
2009
2010
2012
2014
2015
2018
2021
2025
2030
2034
2039
2044
2049
2054
2062
2073
2085
2098
2111
2124
2138
2153
2168
2184
2209
2246
2288
2337
2398
2482
2628
3474
2684
2500
2190
2217
2231
2253
2265
2281
2290
2473
2140
2609
1998
1998
1998
1999
1998
1999
1999
1999
1999
2000
2000
2000
2000
2001
2001
2002
2002
2003
2003
2004
2005
2006
2008
2009
2010
2012
2014
2015
2018
2021
2025
2030
2034
2039
2044
2049
2054
2062
2073
2085
2098
2111
2124
2138
2153
2168
2184
2209
2246
2288
2337
2398
2482
2628
3474
2684
2500
2190
2217
2231
2253
2265
2281
2290
2473
2140
2609
1998
1998
1998
1999
1998
1999
1999
1999
1999
2000
2000
2000
2000
2001
2001
2002
2002
2003
2003
2004
2005
2006
2008
2009
2010
2012
2014
2015
2018
2021
2025
2030
2034
2039
2044
2049
2054
2062
2073
2085
2098
2111
2124
2138
2153
2168
2184
2209
2246
2288
2337
2398
2482
2628
3474
2684
2500
2190
2217
2231
2253
2265
2281
2290
2473
2140
2609
1998
1998
1998
1999
1998
1999
1999
1999
1999
2000
2000
2000
2000
2001
2001
2002
2002
2003
2003
2004
2005
2006
2008
2009
2010
2012
2014
2015
2018
2021
2025
2030
2034
2039
2044
2049
2054
2062
2073
2085
2098
2111
2124
2138
2153
2168
2184
2209
2246
2288
2337
2398
2482
2628
3474
2684
2500
2190
2217
2231
2253
2265
2281
2290
2473
2140
2609
1998
1998
1998
1999
1998
1999
1999
1999
1999
2000
2000
2000
2000
2001
2001
2002
2002
2003
2003
2004
2005
2006
2008
2009
2010
2012
2014
2015
2018
2021
2025
2030
2034
2039
2044
2049
2054
2062
2073
2085
2098
2111
2124
2138
2153
2168
2184
2209
2246
2288
2337
2398
2482
2628
3474
2684
2500
2190
2217
2231
2253
2265
2281
2290
2473
2140
2609
1998
1998
1998
1999
1998
1999
1999
1999
1999
2000
2000
2000
2000
2001
2001
2002
2002
2003
2003
2004
2005
2006
2008
2009
2010
2012
2014
2015
2018
2021
2025
2030
2034
2039
2044
2049
2054
2062
2073
2085
2098
2111
2124
2138
2153
2168
2184
2209
2246
2288
2337
2398
2482
2628
3474
2684
2500
2190
2217
2231
2253
2265
2281
2290
2473
2140
2609
1998
1998
1998
1999
1998
1999
1999
1999
1999
2000
2000
2000
2000
2001
2001
2002
2002
2003
2003
2004
2005
2006
2008
2009
2010
2012
2014
2015
2018
2021
2025
2030
2034
2039
2044
2049
2054
2062
2073
2085
2098
2111
2124
2138
2153
2168
2184
2209
2246
2288
2337
2398
2482
2628
3474
2684
2500
2190
2217
2231
2253
2265
2281
2290
2473
2140
2609
1998
1998
1998
1999
1998
1999
1999
1999
1999
2000
2000
2000
2000
2001
2001
2002
2002
2003
2003
2004
2005
2006
2008
2009
2010
2012
2014
2015
2018
2021
2025
2030
2034
2039
2044
2049
2054
2062
2073
2085
2098
2111
2124
2138
2153
2168
2184
2209
2246
2288
2337
2398
2482
2628
3474
2684
2500
2190
2217
2231
2253
2265
2281
2290
2473
2140
2609
1998
1998
1998
1999
1998
1999
1999
1999
1999
2000
2000
2000
2000
2001
2001
2002
2002
2003
2003
2004
2005
2006
2008
2009
2010
2012
2014
2015
2018
2021
2025
2030
2034
2039
2044
2049
2054
2062
2073
2085
2098
2111
2124
2138
2153
2168
2184
2209
2246
2288
2337
2398
2482
2628
3474
2684
2500
2190
2217
2231
2253
2265
2281
2290
2473
2140
2609
1998
1998
1998
1999
1998
1999
1999
1999
1999
2000
2000
2000
2000
2001
2001
2002
2002
2003
2003
2004
2005
2006
2008
2009
2010
2012
2014
2015
2018
2021
2025
2030
2034
2039
2044
2049
2054
2062
2073
2085
2098
2111
2124
2138
2153
2168
2184
2209
2246
2288
2337
2398
2482
2628
3474
2684
2500
2190
2217
2231
2253
2265
2281
2290
2473
2140
2609
1998
1998
1998
1999
1998
1999
1999
1999
1999
2000
2000
2000
2000
2001
2001
2002
2002
2003
2003
2004
2005
2006
2008
2009
2010
2012
2014
2015
2018
2021
2025
2030
2034
2039
2044
2049
2054
2062
2073
2085
2098
2111
2124
2138
2153
2168
2184
2209
2246
2288
2337
2398
2482
2628
3474
2684
2500
2190
2217
2231
2253
2265
2281
2290
2473
2140
2609
1998
1998
1998
1999
1998
1999
1999
1999
1999
2000
2000
2000
2000
2001
2001
2002
2002
2003
2003
2004
2005
2006
2008
2009
2010
2012
2014
2015
2018
2021
2025
2030
2034
2039
2044
2049
2054
2062
2073
2085
2098
2111
2124
2138
2153
2168
2184
2209
2246
2288
2337
2398
2482
2628
3474
2684
2500
2190
2217
2231
2253
2265
2281
2290
2473
2140
2609
1998
1998
1998
1999
1998
1999
1999
1999
1999
2000
2000
2000
2000
2001
2001
2002
2002
2003
2003
2004
2005
2006
2008
2009
2010
2012
2014
2015
2018
2021
2025
2030
2034
2039
2044
2049
2054
2062
2073
2085
2098
2111
2124
2138
2153
2168
2184
2209
2246
2288
2337
2398
2482
2628
3474
2684
2500
2190
2217
2231
2253
2265
2281
2290
2473
2140
2609
1998
1998
1998
1999
1998
1999
1999
1999
1999
2000
2000
2000
2000
2001
2001
2002
2002
2003
2003
2004
2005
2006
2008
2009
2010
2012
2014
2015
2018
2021
2025
2030
2034
2039
2044
2049
2054
2062
2073
2085
2098
2111
2124
2138
2153
2168
2184
2209
2246
2288
2337
2398
2482
2628
3474
2684
2500
2190
2217
2231
2253
2265
2281
2290
2473
2140
2609
1998
1998
1998
1999
1998
1999
1999
1999
1999
2000
2000
2000
2000
2001
2001
2002
2002
2003
2003
2004
2005
2006
2008
2009
2010
2012
2014
2015
2018
2021
2025
2030
2034
2039
2044
2049
2054
2062
2073
2085
2098
2111
2124
2138
2153
2168
2184
2209
2246
2288
2337
2398
2482
2628
3474
2684
2500
2190
2217
2231
2253
2265
2281
2290
2473
2140
2609
1998
1998
1998
1999
1998
1999
1999
1999
1999
2000
2000
2000
2000
2001
2001
2002
2002
2003
2003
2004
2005
2006
2008
2009
2010
2012
2014
2015
2018
2021
2025
2030
2034
2039
2044
2049
2054
2062
2073
2085
2098
2111
2124
2138
2153
2168
2184
2209
2246
2288
2337
2398
2482
2628
3474
2684
2500
2190
2217
2231
2253
2265
2281
2290
2473
2140
2609
1998
1998
1998
1999
1998
1999
1999
1999
1999
2000
2000
2000
2000
2001
2001
2002
2002
2003
2003
2004
2005
2006
2008
2009
2010
2012
2014
2015
2018
2021
2025
2030
2034
2039
2044
2049
2054
2062
2073
2085
2098
2111
2124
2138
2153
2168
2184
2209
2246
2288
2337
2398
2482
2628
3474
2684
2500
2190
2217
2231
2253
2265
2281
2290
2473
2140
2609
1998
1998
1998
1999
1998
1999
1999
1999
1999
2000
2000
2000
2000
2001
2001
2002
2002
2003
2003
2004
2005
2006
2008
2009
2010
2012
2014
2015
2018
2021
2025
2030
2034
2039
2044
2049
2054
2062
2073
2085
2098
2111
2124
2138
2153
2168
2184
2209
2246
2288
2337
2398
2482
2628
3474
2684
2500
2190
2217
2231
2253
2265
2281
2290
2473
2140
2609
1998
1998
1998
1999
1998
1999
1999
1999
1999
2000
2000
2000
2000
2001
2001
2002
2002
2003
2003
2004
2005
2006
2008
2009
2010
2012
2014
2015
2018
2021
2025
2030
2034
2039
2044
2049
2054
2062
2073
2085
2098
2111
2124
2138
2153
2168
2184
2209
2246
2288
2337
2398
2482
2628
3474
2684
2500
2190
2217
2231
2253
2265
2281
2290
2473
2140
2609
1998
1998
1998
1999
1998
1999
1999
1999
1999
2000
2000
2000
2000
2001
2001
2002
2002
2003
2003
2004
2005
2006
2008
2009
2010
2012
2014
2015
2018
2021
2025
2030
2034
2039
2044
2049
2054
2062
2073
2085
2098
2111
2124
2138
2153
2168
2184
2209
2246
2288
2337
2398
2482
2628
3474
2684
2500
2190
2217
2231
2253
2265
2281
2290
2473
2140
2609
1998
1998
1998
1999
1998
1999
1999
1999
1999
2000
2000
2000
2000
2001
2001
2002
2002
2003
2003
2004
2005
2006
2008
2009
2010
2012
2014
2015
2018
2021
2025
2030
2034
2039
2044
2049
2054
2062
2073
2085
2098
2111
2124
2138
2153
2168
2184
2209
2246
2288
2337
2398
2482
2628
3474
2684
2500
2190
2217
2231
2253
2265
2281
2290
2473
2140
2609
1998
1998
1998
1999
1998
1999
1999
1999
1999
2000
2000
2000
2000
2001
2001
2002
2002
2003
2003
2004
2005
2006
2008
2009
2010
2012
2014
2015
2018
2021
2025
2030
2034
2039
2044
2049
2054
2062
2073
2085
2098
2111
2124
2138
2153
2168
2184
2209
2246
2288
2337
2398
2482
2628
3474
2684
2500
2190
2217
2231
2253
2265
2281
2290
2473
2140
2609
1998
1998
1998
1999
1998
1999
1999
1999
1999
2000
2000
2000
2000
2001
2001
2002
2002
2003
2003
2004
2005
2006
2008
2009
2010
2012
2014
2015
2018
2021
2025
2030
2034
2039
2044
2049
2054
2062
2073
2085
2098
2111
2124
2138
2153
2168
2184
2209
2246
2288
2337
2398
2482
2628
3474
2684
2500
2190
2217
2231
2253
2265
2281
2290
2473
2140
2609
1998
1998
1998
1999
1998
1999
1999
1999
1999
2000
2000
2000
2000
2001
2001
2002
2002
2003
2003
2004
2005
2006
2008
2009
2010
2012
2014
2015
2018
2021
2025
2030
2034
2039
2044
2049
2054
2062
2073
2085
2098
2111
2124
2138
2153
2168
2184
2209
2246
2288
2337
2398
2482
2628
3474
2684
2500
2190
2217
2231
2253
2265
2281
2290
2473
2140
2609
1998
1998
1998
1999
1998
1999
1999
1999
1999
2000
2000
2000
2000
2001
2001
2002
2002
2003
2003
2004
2005
2006
2008
2009
2010
2012
2014
2015
2018
2021
2025
2030
2034
2039
2044
2049
2054
2062
2073
2085
2098
2111
2124
2138
2153
2168
2184
2209
2246
2288
2337
2398
2482
2628
3474
2684
2500
2190
2217
2231
2253
2265
2281
2290
2473
2140
2609
1998
1998
1998
1999
1998
1999
1999
1999
1999
2000
2000
2000
2000
2001
2001
2002
2002
2003
2003
2004
2005
2006
2008
2009
2010
2012
2014
2015
2018
2021
2025
2030
2034
2039
2044
2049
2054
2062
2073
2085
2098
2111
2124
2138
2153
2168
2184
2209
2246
2288
2337
2398
2482
2628
3474
2684
2500
2190
2217
2231
2253
2265
2281
2290
2473
2140
2609
1998
1998
1998
1999
1998
1999
1999
1999
1999
2000
2000
2000
2000
2001
2001
2002
2002
2003
2003
2004
2005
2006
2008
2009
2010
2012
2014
2015
2018
2021
2025
2030
2034
2039
2044
2049
2054
2062
2073
2085
2098
2111
2124
2138
2153
2168
2184
2209
2246
2288
2337
2398
2482
2628
3474
2684
2500
2190
2217
2231
2253
2265
2281
2290
2473
2140
2609
1998
1998
1998
1999
1998
1999
1999
1999
1999
2000
2000
2000
2000
2001
2001
2002
2002
2003
2003
2004
2005
2006
2008
2009
2010
2012
2014
2015
2018
2021
2025
2030
2034
2039
2044
2049
2054
2062
2073
2085
2098
2111
2124
2138
2153
2168
2184
2209
2246
2288
2337
2398
2482
2628
3474
2684
2500
2190
2217
2231
2253
2265
2281
2290
2473
2140
2609
1998
1998
1998
1999
1998
1999
1999
1999
1999
2000
2000
2000
2000
2001
2001
2002
2002
2003
2003
2004
2005
2006
2008
2009
2010
2012
2014
2015
2018
2021
2025
2030
2034
2039
2044
2049
2054
2062
2073
2085
2098
2111
2124
2138
2153
2168
2184
2209
2246
2288
2337
2398
2482
2628
3474
2684
2500
2190
2217
2231
2253
2265
2281
2290
2473
2140
2609
1998
1998
1998
1999
1998
1999
1999
1999
1999
2000
2000
2000
2000
2001
2001
2002
2002
2003
2003
2004
2005
2006
2008
2009
2010
2012
2014
2015
2018
2021
2025
2030
2034
2039
2044
2049
2054
2062
2073
2085
2098
2111
2124
2138
2153
2168
2184
2209
2246
2288
2337
2398
2482
2628
3474
2684
2500
2190
2217
2231
2253
2265
2281
2290
2473
2140
2609
1998
1998
1998
1999
1998
1999
1999
1999
1999
2000
2000
2000
2000
2001
2001
2002
2002
2003
2003
2004
2005
2006
2008
2009
2010
2012
2014
2015
2018
2021
2025
2030
2034
2039
2044
2049
2054
2062
2073
2085
2098
2111
2124
2138
2153
2168
2184
2209
2246
2288
2337
2398
2482
2628
3474
2684
2500
2190
2217
2231
2253
2265
2281
2290
2473
2140
2609
1998
1998
1998
1999
1998
1999
1999
1999
1999
2000
2000
2000
2000
2001
2001
2002
2002
2003
2003
2004
2005
2006
2008
2009
2010
2012
2014
2015
2018
2021
2025
2030
2034
2039
2044
2049
2054
2062
2073
2085
2098
2111
2124
2138
2153
2168
2184
2209
2246
2288
2337
2398
2482
2628
3474
2684
2500
2190
2217
2231
2253
2265
2281
2290
2473
2140
2609
1998
1998
1998
1999
1998
1999
1999
1999
1999
2000
2000
2000
2000
2001
2001
2002
2002
2003
2003
2004
2005
2006
2008
2009
2010
2012
2014
2015
2018
2021
2025
2030
2034
2039
2044
2049
2054
2062
2073
2085
2098
2111
2124
2138
2153
2168
2184
2209
2246
2288
2337
2398
2482
2628
3474
2684
2500
2190
2217
2231
2253
2265
2281
2290
2473
2140
2609
1998
1998
1998
1999
1998
1999
1999
1999
1999
2000
2000
2000
2000
2001
2001
2002
2002
2003
2003
2004
2005
2006
2008
2009
2010
2012
2014
2015
2018
2021
2025
2030
2034
2039
2044
2049
2054
2062
2073
2085
2098
2111
2124
2138
2153
2168
2184
2209
2246
2288
2337
2398
2482
2628
3474
2684
2500
2190
2217
2231
2253
2265
2281
2290
2473
2140
2609
1998
1998
1998
1999
1998
1999
1999
1999
1999
2000
2000
2000
2000
2001
2001
2002
2002
2003
2003
2004
2005
2006
2008
2009
2010
2012
2014
2015
2018
2021
2025
2030
2034
2039
2044
2049
2054
2062
2073
2085
2098
2111
2124
2138
2153
2168
2184
2209
2246
2288
2337
2398
2482
2628
3474
2684
2500
2190
2217
2231
2253
2265
2281
2290
2473
2140
2609
1998
1998
1998
1999
1998
1999
1999
1999
1999
2000
2000
2000
2000
2001
2001
2002
2002
2003
2003
2004
2005
2006
2008
2009
2010
2012
2014
2015
2018
2021
2025
2030
2034
2039
2044
2049
2054
2062
2073
2085
2098
2111
2124
2138
2153
2168
2184
2209
2246
2288
2337
2398
2482
2628
3474
2684
2500
2190
2217
2231
2253
2265
2281
2290
2473
2140
2609
1998
1998
1998
1999
1998
1999
1999
1999
1999
2000
2000
2000
2000
2001
2001
2002
2002
2003
2003
2004
2005
2006
2008
2009
2010
2012
2014
2015
2018
2021
2025
2030
2034
2039
2044
2049
2054
2062
2073
2085
2098
2111
2124
2138
2153
2168
2184
2209
2246
2288
2337
2398
2482
2628
3474
2684
2500
2190
2217
2231
2253
2265
2281
2290
2473
2140
2609
1998
1998
1998
1999
1998
1999
1999
1999
1999
2000
2000
2000
2000
2001
2001
2002
2002
2003
2003
2004
2005
2006
2008
2009
2010
2012
2014
2015
2018
2021
2025
2030
2034
2039
2044
2049
2054
2062
2073
2085
2098
2111
2124
2138
2153
2168
2184
2209
2246
2288
2337
2398
2482
2628
3474
2684
2500
2190
2217
2231
2253
2265
2281
2290
2473
2140
2609
1998
1998
1998
1999
1998
1999
1999
1999
1999
2000
2000
2000
2000
2001
2001
2002
2002
2003
2003
2004
2005
2006
2008
2009
2010
2012
2014
2015
2018
2021
2025
2030
2034
2039
2044
2049
2054
2062
2073
2085
2098
2111
2124
2138
2153
2168
2184
2209
2246
2288
2337
2398
2482
2628
3474
2684
2500
2190
2217
2231
2253
2265
2281
2290
2473
2140
2609
1998
1998
1998
1999
1998
1999
1999
1999
1999
2000
2000
2000
2000
2001
2001
2002
2002
2003
2003
2004
2005
2006
2008
2009
2010
2012
2014
2015
2018
2021
2025
2030
2034
2039
2044
2049
2054
2062
2073
2085
2098
2111
2124
2138
2153
2168
2184
2209
2246
2288
2337
2398
2482
2628
3474
2684
2500
2190
2217
2231
2253
2265
2281
2290
2473
2140
2609
1998
1998
1998
1999
1998
1999
1999
1999
1999
2000
2000
2000
2000
2001
2001
2002
2002
2003
2003
2004
2005
2006
2008
2009
2010
2012
2014
2015
2018
2021
2025
2030
2034
2039
2044
2049
2054
2062
2073
2085
2098
2111
2124
2138
2153
2168
2184
2209
2246
2288
2337
2398
2482
2628
3474
2684
2500
2190
2217
2231
2253
2265
2281
2290
2473
2140
2609
1998
1998
1998
1999
1998
1999
1999
1999
1999
2000
2000
2000
2000
2001
2001
2002
2002
2003
2003
2004
2005
2006
2008
2009
2010
2012
2014
2015
2018
2021
2025
2030
2034
2039
2044
2049
2054
2062
2073
2085
2098
2111
2124
2138
2153
2168
2184
2209
2246
2288
2337
2398
2482
2628
3474
2684
2500
2190
2217
2231
2253
2265
2281
2290
2473
2140
2609
1998
1998
1998
1999
1998
1999
1999
1999
1999
2000
2000
2000
2000
2001
2001
2002
2002
2003
2003
2004
2005
2006
2008
2009
2010
2012
2014
2015
2018
2021
2025
2030
2034
2039
2044
2049
2054
2062
2073
2085
2098
2111
2124
2138
2153
2168
2184
2209
2246
2288
2337
2398
2482
2628
3474
2684
2500
2190
2217
2231
2253
2265
2281
2290
2473
2140
2609
1998
1998
1998
1999
1998
1999
1999
1999
1999
2000
2000
2000
2000
2001
2001
2002
2002
2003
2003
2004
2005
2006
2008
2009
2010
2012
2014
2015
2018
2021
2025
2030
2034
2039
2044
2049
2054
2062
2073
2085
2098
2111
2124
2138
2153
2168
2184
2209
2246
2288
2337
2398
2482
2628
3474
2684
2500
2190
2217
2231
2253
2265
2281
2290
2473
2140
2609
1998
1998
1998
1999
1998
1999
1999
1999
1999
2000
2000
2000
2000
2001
2001
2002
2002
2003
2003
2004
2005
2006
2008
2009
2010
2012
2014
2015
2018
2021
2025
2030
2034
2039
2044
2049
2054
2062
2073
2085
2098
2111
2124
2138
2153
2168
2184
2209
2246
2288
2337
2398
2482
2628
3474
2684
2500
2190
2217
2231
2253
2265
2281
2290
2473
2140
2609
1998
1998
1998
1999
1998
1999
1999
1999
1999
2000
2000
2000
2000
2001
2001
2002
2002
2003
2003
2004
2005
2006
2008
2009
2010
2012
2014
2015
2018
2021
2025
2030
2034
2039
2044
2049
2054
2062
2073
2085
2098
2111
2124
2138
2153
2168
2184
2209
2246
2288
2337
2398
2482
2628
3474
2684
2500
2190
2217
2231
2253
2265
2281
2290
2473
2140
2609
1998
1998
1998
1999
1998
1999
1999
1999
1999
2000
2000
2000
2000
2001
2001
2002
2002
2003
2003
2004
2005
2006
2008
2009
2010
2012
2014
2015
2018
2021
2025
2030
2034
2039
2044
2049
2054
2062
2073
2085
2098
2111
2124
2138
2153
2168
2184
2209
2246
2288
2337
2398
2482
2628
3474
2684
2500
2190
2217
2231
2253
2265
2281
2290
2473
2140
2609
1998
1998
1998
1999
1998
1999
1999
1999
1999
2000
2000
2000
2000
2001
2001
2002
2002
2003
2003
2004
2005
2006
2008
2009
2010
2012
2014
2015
2018
2021
2025
2030
2034
2039
2044
2049
2054
2062
2073
2085
2098
2111
2124
2138
2153
2168
2184
2209
2246
2288
2337
2398
2482
2628
3474
2684
2500
2190
2217
2231
2253
2265
2281
2290
2473
2140
2609
1998
1998
1998
1999
1998
1999
1999
1999
1999
2000
2000
2000
2000
2001
2001
2002
2002
2003
2003
2004
2005
2006
2008
2009
2010
2012
2014
2015
2018
2021
2025
2030
2034
2039
2044
2049
2054
2062
2073
2085
2098
2111
2124
2138
2153
2168
2184
2209
2246
2288
2337
2398
2482
2628
3474
2684
2500
2190
2217
2231
2253
2265
2281
2290
2473
2140
2609
1998
1998
1998
1999
1998
1999
1999
1999
1999
2000
2000
2000
2000
2001
2001
2002
2002
2003
2003
2004
2005
2006
2008
2009
2010
2012
2014
2015
2018
2021
2025
2030
2034
2039
2044
2049
2054
2062
2073
2085
2098
2111
2124
2138
2153
2168
2184
2209
2246
2288
2337
2398
2482
2628
3474
2684
2500
2190
2217
2231
2253
2265
2281
2290
2473
2140
2609
1998
1998
1998
1999
1998
1999
1999
1999
1999
2000
2000
2000
2000
2001
2001
2002
2002
2003
2003
2004
2005
2006
2008
2009
2010
2012
2014
2015
2018
2021
2025
2030
2034
2039
2044
2049
2054
2062
2073
2085
2098
2111
2124
2138
2153
2168
2184
2209
2246
2288
2337
2398
2482
2628
3474
2684
2500
2190
2217
2231
2253
2265
2281
2290
2473
2140
2609
1998
1998
1998
1999
1998
1999
1999
1999
1999
2000
2000
2000
2000
2001
2001
2002
2002
2003
2003
2004
2005
2006
2008
2009
2010
2012
2014
2015
2018
2021
2025
2030
2034
2039
2044
2049
2054
2062
2073
2085
2098
2111
2124
2138
2153
2168
2184
2209
2246
2288
2337
2398
2482
2628
3474
2684
2500
2190
2217
2231
2253
2265
2281
2290
2473
2140
2609
1998
1998
1998
1999
1998
1999
1999
1999
1999
2000
2000
2000
2000
2001
2001
2002
2002
2003
2003
2004
2005
2006
2008
2009
2010
2012
2014
2015
2018
2021
2025
2030
2034
2039
2044
2049
2054
2062
2073
2085
2098
2111
2124
2138
2153
2168
2184
2209
2246
2288
2337
2398
2482
2628
3474
2684
2500
2190
2217
2231
2253
2265
2281
2290
2473
2140
2609
1998
1998
1998
1999
1998
1999
1999
1999
1999
2000
2000
2000
2000
2001
2001
2002
2002
2003
2003
2004
2005
2006
2008
2009
2010
2012
2014
2015
2018
2021
2025
2030
2034
2039
2044
2049
2054
2062
2073
2085
2098
2111
2124
2138
2153
2168
2184
2209
2246
2288
2337
2398
2482
2628
3474
2684
2500
2190
2217
2231
2253
2265
2281
2290
2473
2140
2609
1998
1998
1998
1999
1998
1999
1999
1999
1999
2000
2000
2000
2000
2001
2001
2002
2002
2003
2003
2004
2005
2006
2008
2009
2010
2012
2014
2015
2018
2021
2025
2030
2034
2039
2044
2049
2054
2062
2073
2085
2098
2111
2124
2138
2153
2168
2184
2209
2246
2288
2337
2398
2482
2628
3474
2684
2500
2190
2217
2231
2253
2265
2281
2290
2473
2140
2609
1998
1998
1998
1999
1998
1999
1999
1999
1999
2000
2000
2000
2000
2001
2001
2002
2002
2003
2003
2004
2005
2006
2008
2009
2010
2012
2014
2015
2018
2021
2025
2030
2034
2039
2044
2049
2054
2062
2073
2085
2098
2111
2124
2138
2153
2168
2184
2209
2246
2288
2337
2398
2482
2628
3474
2684
2500
2190
2217
2231
2253
2265
2281
2290
2473
2140
2609
1998
1998
1998
1999
1998
1999
1999
1999
1999
2000
2000
2000
2000
2001
2001
2002
2002
2003
2003
2004
2005
2006
2008
2009
2010
2012
2014
2015
2018
2021
2025
2030
2034
2039
2044
2049
2054
2062
2073
2085
2098
2111
2124
2138
2153
2168
2184
2209
2246
2288
2337
2398
2482
2628
3474
2684
2500
2190
2217
2231
2253
2265
2281
2290
2473
2140
2609
1998
1998
1998
1999
1998
1999
1999
1999
1999
2000
2000
2000
2000
2001
2001
2002
2002
2003
2003
2004
2005
2006
2008
2009
2010
2012
2014
2015
2018
2021
2025
2030
2034
2039
2044
2049
2054
2062
2073
2085
2098
2111
2124
2138
2153
2168
2184
2209
2246
2288
2337
2398
2482
2628
3474
2684
2500
2190
2217
2231
2253
2265
2281
2290
2473
2140
2609
1952
1952
1952
1953
1953
1953
1953
1953
1954
1954
1954
1954
1955
1955
1956
1956
1957
1957
1958
1959
1960
1961
1962
1964
1965
1967
1969
1971
1973
1977
1981
1986
1990
1995
2000
2006
2011
2019
2031
2043
2056
2069
2083
2097
2112
2127
2143
2169
2206
2248
2298
2359
2443
2589
3474
2646
2462
2150
2177
2191
2213
2226
2242
2250
2434
2100
2571
