2971
2990
3005
3016
3023
3030
3037
3043
3047
3052
3057
3061
3064
3068
3071
3074
3077
3080
3084
3089
3094
3099
3104
3108
3113
3117
3121
3126
3133
3142
3153
3165
3179
3197
3226
3263
1240
1168
1136
1120
1110
1102
1096
1092
1089
1086
1085
1083
1083
1086
1092
1102
1123
1103
3217
3150
3113
1084
1083
1083
1083
1084
1085
1086
3108
1073
3132
2971
2990
3005
3016
3023
3030
3037
3043
3047
3052
3057
3061
3064
3068
3071
3074
3077
3080
3084
3089
3094
3099
3104
3108
3113
3117
3121
3126
3133
3142
3153
3165
3179
3197
3226
3263
1240
1168
1136
1120
1110
1102
1096
1092
1089
1086
1085
1083
1083
1086
1092
1102
1123
1103
3217
3150
3113
1084
1083
1083
1083
1084
1085
1086
3108
1073
3132
2971
2990
3005
3016
3023
3030
3037
3043
3047
3052
3057
3061
3064
3068
3071
3074
3077
3080
3084
3089
3094
3099
3104
3108
3113
3117
3121
3126
3133
3142
3153
3165
3179
3197
3226
3263
1240
1168
1136
1120
1110
1102
1096
1092
1089
1086
1085
1083
1083
1086
1092
1102
1123
1103
3217
3150
3113
1084
1083
1083
1083
1084
1085
1086
3108
1073
3132
2971
2990
3005
3016
3023
3030
3037
3043
3047
3052
3057
3061
3064
3068
3071
3074
3077
3080
3084
3089
3094
3099
3104
3108
3113
3117
3121
3126
3133
3142
3153
3165
3179
3197
3226
3263
1240
1168
1136
1120
1110
1102
1096
1092
1089
1086
1085
1083
1083
1086
1092
1102
1123
1103
3217
3150
3113
1084
1083
1083
1083
1084
1085
1086
3108
1073
3132
2971
2990
3005
3016
3023
3030
3037
3043
3047
3052
3057
3061
3064
3068
3071
3074
3077
3080
3084
3089
3094
3099
3104
3108
3113
3117
3121
3126
3133
3142
3153
3165
3179
3197
3226
3263
1240
1168
1136
1120
1110
1102
1096
1092
1089
1086
1085
1083
1083
1086
1092
1102
1123
1103
3217
3150
3113
1084
1083
1083
1083
1084
1085
1086
3108
1073
3132
2971
2990
3005
3016
3023
3030
3037
3043
3047
3052
3057
3061
3064
3068
3071
3074
3077
3080
3084
3089
3094
3099
3104
3108
3113
3117
3121
3126
3133
3142
3153
3165
3179
3197
3226
3263
1240
1168
1136
1120
1110
1102
1096
1092
1089
1086
1085
1083
1083
1086
1092
1102
1123
1103
3217
3150
3113
1084
1083
1083
1083
1084
1085
1086
3108
1073
3132
2971
2990
3005
3016
3023
3030
3037
3043
3047
3052
3057
3061
3064
3068
3071
3074
3077
3080
3084
3089
3094
3099
3104
3108
3113
3117
3121
3126
3133
3142
3153
3165
3179
3197
3226
3263
1240
1168
1136
1120
1110
1102
1096
1092
1089
1086
1085
1083
1083
1086
1092
1102
1123
1103
3217
3150
3113
1084
1083
1083
1083
1084
1085
1086
3108
1073
3132
2971
2990
3005
3016
3023
3030
3037
3043
3047
3052
3057
3061
3064
3068
3071
3074
3077
3080
3084
3089
3094
3099
3104
3108
3113
3117
3121
3126
3133
3142
3153
3165
3179
3197
3226
3263
1240
1168
1136
1120
1110
1102
1096
1092
1089
1086
1085
1083
1083
1086
1092
1102
1123
1103
3217
3150
3113
1084
1083
1083
1083
1084
1085
1086
3108
1073
3132
2971
2990
3005
3016
3023
3030
3037
3043
3047
3052
3057
3061
3064
3068
3071
3074
3077
3080
3084
3089
3094
3099
3104
3108
3113
3117
3121
3126
3133
3142
3153
3165
3179
3197
3226
3263
1240
1168
1136
1120
1110
1102
1096
1092
1089
1086
1085
1083
1083
1086
1092
1102
1123
1103
3217
3150
3113
1084
1083
1083
1083
1084
1085
1086
3108
1073
3132
2971
2990
3005
3016
3023
3030
3037
3043
3047
3052
3057
3061
3064
3068
3071
3074
3077
3080
3084
3089
3094
3099
3104
3108
3113
3117
3121
3126
3133
3142
3153
3165
3179
3197
3226
3263
1240
1168
1136
1120
1110
1102
1096
1092
1089
1086
1085
1083
1083
1086
1092
1102
1123
1103
3217
3150
3113
1084
1083
1083
1083
1084
1085
1086
3108
1073
3132
2971
2990
3005
3016
3023
3030
3037
3043
3047
3052
3057
3061
3064
3068
3071
3074
3077
3080
3084
3089
3094
3099
3104
3108
3113
3117
3121
3126
3133
3142
3153
3165
3179
3197
3226
3263
1240
1168
1136
1120
1110
1102
1096
1092
1089
1086
1085
1083
1083
1086
1092
1102
1123
1103
3217
3150
3113
1084
1083
1083
1083
1084
1085
1086
3108
1073
3132
2971
2990
3005
3016
3023
3030
3037
3043
3047
3052
3057
3061
3064
3068
3071
3074
3077
3080
3084
3089
3094
3099
3104
3108
3113
3117
3121
3126
3133
3142
3153
3165
3179
3197
3226
3263
1240
1168
1136
1120
1110
1102
1096
1092
1089
1086
1085
1083
1083
1086
1092
1102
1123
1103
3217
3150
3113
1084
1083
1083
1083
1084
1085
1086
3108
1073
3132
2971
2990
3005
3016
3023
3030
3037
3043
3047
3052
3057
3061
3064
3068
3071
3074
3077
3080
3084
3089
3094
3099
3104
3108
3113
3117
3121
3126
3133
3142
3153
3165
3179
3197
3226
3263
1240
1168
1136
1120
1110
1102
1096
1092
1089
1086
1085
1083
1083
1086
1092
1102
1123
1103
3217
3150
3113
1084
1083
1083
1083
1084
1085
1086
3108
1073
3132
2971
2990
3005
3016
3023
3030
3037
3043
3047
3052
3057
3061
3064
3068
3071
3074
3077
3080
3084
3089
3094
3099
3104
3108
3113
3117
3121
3126
3133
3142
3153
3165
3179
3197
3226
3263
1240
1168
1136
1120
1110
1102
1096
1092
1089
1086
1085
1083
1083
1086
1092
1102
1123
1103
3217
3150
3113
1084
1083
1083
1083
1084
1085
1086
3108
1073
3132
2971
2990
3005
3016
3023
3030
3037
3043
3047
3052
3057
3061
3064
3068
3071
3074
3077
3080
3084
3089
3094
3099
3104
3108
3113
3117
3121
3126
3133
3142
3153
3165
3179
3197
3226
3263
1240
1168
1136
1120
1110
1102
1096
1092
1089
1086
1085
1083
1083
1086
1092
1102
1123
1103
3217
3150
3113
1084
1083
1083
1083
1084
1085
1086
3108
1073
3132
2971
2990
3005
3016
3023
3030
3037
3043
3047
3052
3057
3061
3064
3068
3071
3074
3077
3080
3084
3089
3094
3099
3104
3108
3113
3117
3121
3126
3133
3142
3153
3165
3179
3197
3226
3263
1240
1168
1136
1120
1110
1102
1096
1092
1089
1086
1085
1083
1083
1086
1092
1102
1123
1103
3217
3150
3113
1084
1083
1083
1083
1084
1085
1086
3108
1073
3132
2971
2990
3005
3016
3023
3030
3037
3043
3047
3052
3057
3061
3064
3068
3071
3074
3077
3080
3084
3089
3094
3099
3104
3108
3113
3117
3121
3126
3133
3142
3153
3165
3179
3197
3226
3263
1240
1168
1136
1120
1110
1102
1096
1092
1089
1086
1085
1083
1083
1086
1092
1102
1123
1103
3217
3150
3113
1084
1083
1083
1083
1084
1085
1086
3108
1073
3132
2971
2990
3005
3016
3023
3030
3037
3043
3047
3052
3057
3061
3064
3068
3071
3074
3077
3080
3084
3089
3094
3099
3104
3108
3113
3117
3121
3126
3133
3142
3153
3165
3179
3197
3226
3263
1240
1168
1136
1120
1110
1102
1096
1092
1089
1086
1085
1083
1083
1086
1092
1102
1123
1103
3217
3150
3113
1084
1083
1083
1083
1084
1085
1086
3108
1073
3132
2971
2990
3005
3016
3023
3030
3037
3043
3047
3052
3057
3061
3064
3068
3071
3074
3077
3080
3084
3089
3094
3099
3104
3108
3113
3117
3121
3126
3133
3142
3153
3165
3179
3197
3226
3263
1240
1168
1136
1120
1110
1102
1096
1092
1089
1086
1085
1083
1083
1086
1092
1102
1123
1103
3217
3150
3113
1084
1083
1083
1083
1084
1085
1086
3108
1073
3132
2971
2990
3005
3016
3023
3030
3037
3043
3047
3052
3057
3061
3064
3068
3071
3074
3077
3080
3084
3089
3094
3099
3104
3108
3113
3117
3121
3126
3133
3142
3153
3165
3179
3197
3226
3263
1240
1168
1136
1120
1110
1102
1096
1092
1089
1086
1085
1083
1083
1086
1092
1102
1123
1103
3217
3150
3113
1084
1083
1083
1083
1084
1085
1086
3108
1073
3132
2971
2990
3005
3016
3023
3030
3037
3043
3047
3052
3057
3061
3064
3068
3071
3074
3077
3080
3084
3089
3094
3099
3104
3108
3113
3117
3121
3126
3133
3142
3153
3165
3179
3197
3226
3263
1240
1168
1136
1120
1110
1102
1096
1092
1089
1086
1085
1083
1083
1086
1092
1102
1123
1103
3217
3150
3113
1084
1083
1083
1083
1084
1085
1086
3108
1073
3132
2971
2990
3005
3016
3023
3030
3037
3043
3047
3052
3057
3061
3064
3068
3071
3074
3077
3080
3084
3089
3094
3099
3104
3108
3113
3117
3121
3126
3133
3142
3153
3165
3179
3197
3226
3263
1240
1168
1136
1120
1110
1102
1096
1092
1089
1086
1085
1083
1083
1086
1092
1102
1123
1103
3217
3150
3113
1084
1083
1083
1083
1084
1085
1086
3108
1073
3132
2971
2990
3005
3016
3023
3030
3037
3043
3047
3052
3057
3061
3064
3068
3071
3074
3077
3080
3084
3089
3094
3099
3104
3108
3113
3117
3121
3126
3133
3142
3153
3165
3179
3197
3226
3263
1240
1168
1136
1120
1110
1102
1096
1092
1089
1086
1085
1083
1083
1086
1092
1102
1123
1103
3217
3150
3113
1084
1083
1083
1083
1084
1085
1086
3108
1073
3132
2971
2990
3005
3016
3023
3030
3037
3043
3047
3052
3057
3061
3064
3068
3071
3074
3077
3080
3084
3089
3094
3099
3104
3108
3113
3117
3121
3126
3133
3142
3153
3165
3179
3197
3226
3263
1240
1168
1136
1120
1110
1102
1096
1092
1089
1086
1085
1083
1083
1086
1092
1102
1123
1103
3217
3150
3113
1084
1083
1083
1083
1084
1085
1086
3108
1073
3132
2971
2990
3005
3016
3023
3030
3037
3043
3047
3052
3057
3061
3064
3068
3071
3074
3077
3080
3084
3089
3094
3099
3104
3108
3113
3117
3121
3126
3133
3142
3153
3165
3179
3197
3226
3263
1240
1168
1136
1120
1110
1102
1096
1092
1089
1086
1085
1083
1083
1086
1092
1102
1123
1103
3217
3150
3113
1084
1083
1083
1083
1084
1085
1086
3108
1073
3132
2971
2990
3005
3016
3023
3030
3037
3043
3047
3052
3057
3061
3064
3068
3071
3074
3077
3080
3084
3089
3094
3099
3104
3108
3113
3117
3121
3126
3133
3142
3153
3165
3179
3197
3226
3263
1240
1168
1136
1120
1110
1102
1096
1092
1089
1086
1085
1083
1083
1086
1092
1102
1123
1103
3217
3150
3113
1084
1083
1083
1083
1084
1085
1086
3108
1073
3132
2971
2990
3005
3016
3023
3030
3037
3043
3047
3052
3057
3061
3064
3068
3071
3074
3077
3080
3084
3089
3094
3099
3104
3108
3113
3117
3121
3126
3133
3142
3153
3165
3179
3197
3226
3263
1240
1168
1136
1120
1110
1102
1096
1092
1089
1086
1085
1083
1083
1086
1092
1102
1123
1103
3217
3150
3113
1084
1083
1083
1083
1084
1085
1086
3108
1073
3132
2971
2990
3005
3016
3023
3030
3037
3043
3047
3052
3057
3061
3064
3068
3071
3074
3077
3080
3084
3089
3094
3099
3104
3108
3113
3117
3121
3126
3133
3142
3153
3165
3179
3197
3226
3263
1240
1168
1136
1120
1110
1102
1096
1092
1089
1086
1085
1083
1083
1086
1092
1102
1123
1103
3217
3150
3113
1084
1083
1083
1083
1084
1085
1086
3108
1073
3132
2971
2990
3005
3016
3023
3030
3037
3043
3047
3052
3057
3061
3064
3068
3071
3074
3077
3080
3084
3089
3094
3099
3104
3108
3113
3117
3121
3126
3133
3142
3153
3165
3179
3197
3226
3263
1240
1168
1136
1120
1110
1102
1096
1092
1089
1086
1085
1083
1083
1086
1092
1102
1123
1103
3217
3150
3113
1084
1083
1083
1083
1084
1085
1086
3108
1073
3132
2971
2990
3005
3016
3023
3030
3037
3043
3047
3052
3057
3061
3064
3068
3071
3074
3077
3080
3084
3089
3094
3099
3104
3108
3113
3117
3121
3126
3133
3142
3153
3165
3179
3197
3226
3263
1240
1168
1136
1120
1110
1102
1096
1092
1089
1086
1085
1083
1083
1086
1092
1102
1123
1103
3217
3150
3113
1084
1083
1083
1083
1084
1085
1086
3108
1073
3132
2971
2990
3005
3016
3023
3030
3037
3043
3047
3052
3057
3061
3064
3068
3071
3074
3077
3080
3084
3089
3094
3099
3104
3108
3113
3117
3121
3126
3133
3142
3153
3165
3179
3197
3226
3263
1240
1168
1136
1120
1110
1102
1096
1092
1089
1086
1085
1083
1083
1086
1092
1102
1123
1103
3217
3150
3113
1084
1083
1083
1083
1084
1085
1086
3108
1073
3132
2971
2990
3005
3016
3023
3030
3037
3043
3047
3052
3057
3061
3064
3068
3071
3074
3077
3080
3084
3089
3094
3099
3104
3108
3113
3117
3121
3126
3133
3142
3153
3165
3179
3197
3226
3263
1240
1168
1136
1120
1110
1102
1096
1092
1089
1086
1085
1083
1083
1086
1092
1102
1123
1103
3217
3150
3113
1084
1083
1083
1083
1084
1085
1086
3108
1073
3132
2971
2990
3005
3016
3023
3030
3037
3043
3047
3052
3057
3061
3064
3068
3071
3074
3077
3080
3084
3089
3094
3099
3104
3108
3113
3117
3121
3126
3133
3142
3153
3165
3179
3197
3226
3263
1240
1168
1136
1120
1110
1102
1096
1092
1089
1086
1085
1083
1083
1086
1092
1102
1123
1103
3217
3150
3113
1084
1083
1083
1083
1084
1085
1086
3108
1073
3132
2971
2990
3005
3016
3023
3030
3037
3043
3047
3052
3057
3061
3064
3068
3071
3074
3077
3080
3084
3089
3094
3099
3104
3108
3113
3117
3121
3126
3133
3142
3153
3165
3179
3197
3226
3263
1240
1168
1136
1120
1110
1102
1096
1092
1089
1086
1085
1083
1083
1086
1092
1102
1123
1103
3217
3150
3113
1084
1083
1083
1083
1084
1085
1086
3108
1073
3132
2971
2990
3005
3016
3023
3030
3037
3043
3047
3052
3057
3061
3064
3068
3071
3074
3077
3080
3084
3089
3094
3099
3104
3108
3113
3117
3121
3126
3133
3142
3153
3165
3179
3197
3226
3263
1240
1168
1136
1120
1110
1102
1096
1092
1089
1086
1085
1083
1083
1086
1092
1102
1123
1103
3217
3150
3113
1084
1083
1083
1083
1084
1085
1086
3108
1073
3132
2971
2990
3005
3016
3023
3030
3037
3043
3047
3052
3057
3061
3064
3068
3071
3074
3077
3080
3084
3089
3094
3099
3104
3108
3113
3117
3121
3126
3133
3142
3153
3165
3179
3197
3226
3263
1240
1168
1136
1120
1110
1102
1096
1092
1089
1086
1085
1083
1083
1086
1092
1102
1123
1103
3217
3150
3113
1084
1083
1083
1083
1084
1085
1086
3108
1073
3132
2971
2990
3005
3016
3023
3030
3037
3043
3047
3052
3057
3061
3064
3068
3071
3074
3077
3080
3084
3089
3094
3099
3104
3108
3113
3117
3121
3126
3133
3142
3153
3165
3179
3197
3226
3263
1240
1168
1136
1120
1110
1102
1096
1092
1089
1086
1085
1083
1083
1086
1092
1102
1123
1103
3217
3150
3113
1084
1083
1083
1083
1084
1085
1086
3108
1073
3132
2971
2990
3005
3016
3023
3030
3037
3043
3047
3052
3057
3061
3064
3068
3071
3074
3077
3080
3084
3089
3094
3099
3104
3108
3113
3117
3121
3126
3133
3142
3153
3165
3179
3197
3226
3263
1240
1168
1136
1120
1110
1102
1096
1092
1089
1086
1085
1083
1083
1086
1092
1102
1123
1103
3217
3150
3113
1084
1083
1083
1083
1084
1085
1086
3108
1073
3132
2971
2990
3005
3016
3023
3030
3037
3043
3047
3052
3057
3061
3064
3068
3071
3074
3077
3080
3084
3089
3094
3099
3104
3108
3113
3117
3121
3126
3133
3142
3153
3165
3179
3197
3226
3263
1240
1168
1136
1120
1110
1102
1096
1092
1089
1086
1085
1083
1083
1086
1092
1102
1123
1103
3217
3150
3113
1084
1083
1083
1083
1084
1085
1086
3108
1073
3132
2971
2990
3005
3016
3023
3030
3037
3043
3047
3052
3057
3061
3064
3068
3071
3074
3077
3080
3084
3089
3094
3099
3104
3108
3113
3117
3121
3126
3133
3142
3153
3165
3179
3197
3226
3263
1240
1168
1136
1120
1110
1102
1096
1092
1089
1086
1085
1083
1083
1086
1092
1102
1123
1103
3217
3150
3113
1084
1083
1083
1083
1084
1085
1086
3108
1073
3132
2971
2990
3005
3016
3023
3030
3037
3043
3047
3052
3057
3061
3064
3068
3071
3074
3077
3080
3084
3089
3094
3099
3104
3108
3113
3117
3121
3126
3133
3142
3153
3165
3179
3197
3226
3263
1240
1168
1136
1120
1110
1102
1096
1092
1089
1086
1085
1083
1083
1086
1092
1102
1123
1103
3217
3150
3113
1084
1083
1083
1083
1084
1085
1086
3108
1073
3132
2971
2990
3005
3016
3023
3030
3037
3043
3047
3052
3057
3061
3064
3068
3071
3074
3077
3080
3084
3089
3094
3099
3104
3108
3113
3117
3121
3126
3133
3142
3153
3165
3179
3197
3226
3263
1240
1168
1136
1120
1110
1102
1096
1092
1089
1086
1085
1083
1083
1086
1092
1102
1123
1103
3217
3150
3113
1084
1083
1083
1083
1084
1085
1086
3108
1073
3132
2971
2990
3005
3016
3023
3030
3037
3043
3047
3052
3057
3061
3064
3068
3071
3074
3077
3080
3084
3089
3094
3099
3104
3108
3113
3117
3121
3126
3133
3142
3153
3165
3179
3197
3226
3263
1240
1168
1136
1120
1110
1102
1096
1092
1089
1086
1085
1083
1083
1086
1092
1102
1123
1103
3217
3150
3113
1084
1083
1083
1083
1084
1085
1086
3108
1073
3132
2971
2990
3005
3016
3023
3030
3037
3043
3047
3052
3057
3061
3064
3068
3071
3074
3077
3080
3084
3089
3094
3099
3104
3108
3113
3117
3121
3126
3133
3142
3153
3165
3179
3197
3226
3263
1240
1168
1136
1120
1110
1102
1096
1092
1089
1086
1085
1083
1083
1086
1092
1102
1123
1103
3217
3150
3113
1084
1083
1083
1083
1084
1085
1086
3108
1073
3132
2971
2990
3005
3016
3023
3030
3037
3043
3047
3052
3057
3061
3064
3068
3071
3074
3077
3080
3084
3089
3094
3099
3104
3108
3113
3117
3121
3126
3133
3142
3153
3165
3179
3197
3226
3263
1240
1168
1136
1120
1110
1102
1096
1092
1089
1086
1085
1083
1083
1086
1092
1102
1123
1103
3217
3150
3113
1084
1083
1083
1083
1084
1085
1086
3108
1073
3132
2971
2990
3005
3016
3023
3030
3037
3043
3047
3052
3057
3061
3064
3068
3071
3074
3077
3080
3084
3089
3094
3099
3104
3108
3113
3117
3121
3126
3133
3142
3153
3165
3179
3197
3226
3263
1240
1168
1136
1120
1110
1102
1096
1092
1089
1086
1085
1083
1083
1086
1092
1102
1123
1103
3217
3150
3113
1084
1083
1083
1083
1084
1085
1086
3108
1073
3132
2971
2990
3005
3016
3023
3030
3037
3043
3047
3052
3057
3061
3064
3068
3071
3074
3077
3080
3084
3089
3094
3099
3104
3108
3113
3117
3121
3126
3133
3142
3153
3165
3179
3197
3226
3263
1240
1168
1136
1120
1110
1102
1096
1092
1089
1086
1085
1083
1083
1086
1092
1102
1123
1103
3217
3150
3113
1084
1083
1083
1083
1084
1085
1086
3108
1073
3132
2971
2990
3005
3016
3023
3030
3037
3043
3047
3052
3057
3061
3064
3068
3071
3074
3077
3080
3084
3089
3094
3099
3104
3108
3113
3117
3121
3126
3133
3142
3153
3165
3179
3197
3226
3263
1240
1168
1136
1120
1110
1102
1096
1092
1089
1086
1085
1083
1083
1086
1092
1102
1123
1103
3217
3150
3113
1084
1083
1083
1083
1084
1085
1086
3108
1073
3132
2971
2990
3005
3016
3023
3030
3037
3043
3047
3052
3057
3061
3064
3068
3071
3074
3077
3080
3084
3089
3094
3099
3104
3108
3113
3117
3121
3126
3133
3142
3153
3165
3179
3197
3226
3263
1240
1168
1136
1120
1110
1102
1096
1092
1089
1086
1085
1083
1083
1086
1092
1102
1123
1103
3217
3150
3113
1084
1083
1083
1083
1084
1085
1086
3108
1073
3132
2971
2990
3005
3016
3023
3030
3037
3043
3047
3052
3057
3061
3064
3068
3071
3074
3077
3080
3084
3089
3094
3099
3104
3108
3113
3117
3121
3126
3133
3142
3153
3165
3179
3197
3226
3263
1240
1168
1136
1120
1110
1102
1096
1092
1089
1086
1085
1083
1083
1086
1092
1102
1123
1103
3217
3150
3113
1084
1083
1083
1083
1084
1085
1086
3108
1073
3132
2971
2990
3005
3016
3023
3030
3037
3043
3047
3052
3057
3061
3064
3068
3071
3074
3077
3080
3084
3089
3094
3099
3104
3108
3113
3117
3121
3126
3133
3142
3153
3165
3179
3197
3226
3263
1240
1168
1136
1120
1110
1102
1096
1092
1089
1086
1085
1083
1083
1086
1092
1102
1123
1103
3217
3150
3113
1084
1083
1083
1083
1084
1085
1086
3108
1073
3132
2971
2990
3005
3016
3023
3030
3037
3043
3047
3052
3057
3061
3064
3068
3071
3074
3077
3080
3084
3089
3094
3099
3104
3108
3113
3117
3121
3126
3133
3142
3153
3165
3179
3197
3226
3263
1240
1168
1136
1120
1110
1102
1096
1092
1089
1086
1085
1083
1083
1086
1092
1102
1123
1103
3217
3150
3113
1084
1083
1083
1083
1084
1085
1086
3108
1073
3132
2971
2990
3005
3016
3023
3030
3037
3043
3047
3052
3057
3061
3064
3068
3071
3074
3077
3080
3084
3089
3094
3099
3104
3108
3113
3117
3121
3126
3133
3142
3153
3165
3179
3197
3226
3263
1240
1168
1136
1120
1110
1102
1096
1092
1089
1086
1085
1083
1083
1086
1092
1102
1123
1103
3217
3150
3113
1084
1083
1083
1083
1084
1085
1086
3108
1073
3132
2971
2990
3005
3016
3023
3030
3037
3043
3047
3052
3057
3061
3064
3068
3071
3074
3077
3080
3084
3089
3094
3099
3104
3108
3113
3117
3121
3126
3133
3142
3153
3165
3179
3197
3226
3263
1240
1168
1136
1120
1110
1102
1096
1092
1089
1086
1085
1083
1083
1086
1092
1102
1123
1103
3217
3150
3113
1084
1083
1083
1083
1084
1085
1086
3108
1073
3132
2971
2990
3005
3016
3023
3030
3037
3043
3047
3052
3057
3061
3064
3068
3071
3074
3077
3080
3084
3089
3094
3099
3104
3108
3113
3117
3121
3126
3133
3142
3153
3165
3179
3197
3226
3263
1240
1168
1136
1120
1110
1102
1096
1092
1089
1086
1085
1083
1083
1086
1092
1102
1123
1103
3217
3150
3113
1084
1083
1083
1083
1084
1085
1086
3108
1073
3132
2971
2990
3005
3016
3023
3030
3037
3043
3047
3052
3057
3061
3064
3068
3071
3074
3077
3080
3084
3089
3094
3099
3104
3108
3113
3117
3121
3126
3133
3142
3153
3165
3179
3197
3226
3263
1240
1168
1136
1120
1110
1102
1096
1092
1089
1086
1085
1083
1083
1086
1092
1102
1123
1103
3217
3150
3113
1084
1083
1083
1083
1084
1085
1086
3108
1073
3132
2971
2990
3005
3016
3023
3030
3037
3043
3047
3052
3057
3061
3064
3068
3071
3074
3077
3080
3084
3089
3094
3099
3104
3108
3113
3117
3121
3126
3133
3142
3153
3165
3179
3197
3226
3263
1240
1168
1136
1120
1110
1102
1096
1092
1089
1086
1085
1083
1083
1086
1092
1102
1123
1103
3217
3150
3113
1084
1083
1083
1083
1084
1085
1086
3108
1073
3132
2971
2990
3005
3016
3023
3030
3037
3043
3047
3052
3057
3061
3064
3068
3071
3074
3077
3080
3084
3089
3094
3099
3104
3108
3113
3117
3121
3126
3133
3142
3153
3165
3179
3197
3226
3263
1240
1168
1136
1120
1110
1102
1096
1092
1089
1086
1085
1083
1083
1086
1092
1102
1123
1103
3217
3150
3113
1084
1083
1083
1083
1084
1085
1086
3108
1073
3132
2971
2990
3005
3016
3023
3030
3037
3043
3047
3052
3057
3061
3064
3068
3071
3074
3077
3080
3084
3089
3094
3099
3104
3108
3113
3117
3121
3126
3133
3142
3153
3165
3179
3197
3226
3263
1240
1168
1136
1120
1110
1102
1096
1092
1089
1086
1085
1083
1083
1086
1092
1102
1123
1103
3217
3150
3113
1084
1083
1083
1083
1084
1085
1086
3108
1073
3132
2971
2990
3005
3016
3023
3030
3037
3043
3047
3052
3057
3061
3064
3068
3071
3074
3077
3080
3084
3089
3094
3099
3104
3108
3113
3117
3121
3126
3133
3142
3153
3165
3179
3197
3226
3263
1240
1168
1136
1120
1110
1102
1096
1092
1089
1086
1085
1083
1083
1086
1092
1102
1123
1103
3217
3150
3113
1084
1083
1083
1083
1084
1085
1086
3108
1073
3132
2971
2990
3005
3016
3023
3030
3037
3043
3047
3052
3057
3061
3064
3068
3071
3074
3077
3080
3084
3089
3094
3099
3104
3108
3113
3117
3121
3126
3133
3142
3153
3165
3179
3197
3226
3263
1240
1168
1136
1120
1110
1102
1096
1092
1089
1086
1085
1083
1083
1086
1092
1102
1123
1103
3217
3150
3113
1084
1083
1083
1083
1084
1085
1086
3108
1073
3132
2971
2990
3005
3016
3023
3030
3037
3043
3047
3052
3057
3061
3064
3068
3071
3074
3077
3080
3084
3089
3094
3099
3104
3108
3113
3117
3121
3126
3133
3142
3153
3165
3179
3197
3226
3263
1240
1168
1136
1120
1110
1102
1096
1092
1089
1086
1085
1083
1083
1086
1092
1102
1123
1103
3217
3150
3113
1084
1083
1083
1083
1084
1085
1086
3108
1073
3132
2971
2990
3005
3016
3023
3030
3037
3043
3047
3052
3057
3061
3064
3068
3071
3074
3077
3080
3084
3089
3094
3099
3104
3108
3113
3117
3121
3126
3133
3142
3153
3165
3179
3197
3226
3263
1240
1168
1136
1120
1110
1102
1096
1092
1089
1086
1085
1083
1083
1086
1092
1102
1123
1103
3217
3150
3113
1084
1083
1083
1083
1084
1085
1086
3108
1073
3132
2964
2983
2998
3009
3016
3023
3029
3035
3040
3045
3049
3053
3057
3060
3064
3067
3070
3073
3077
3082
3087
3092
3096
3101
3105
3110
3114
3119
3125
3135
3146
3157
3172
3190
3218
3304
1188
1161
1129
1113
1102
1095
1089
1085
1081
1079
1077
1076
1076
1079
1084
1095
1116
1012
3210
3143
3106
1077
1076
1075
1076
1077
1078
1079
3100
1066
3125
