799
819
835
845
853
859
866
873
878
883
886
889
893
896
900
902
905
907
911
915
919
923
926
930
933
936
939
941
945
949
954
958
962
965
969
972
975
980
986
992
997
1003
1008
1014
1019
1025
1030
1039
1052
1066
1083
1103
1129
1170
1204
3248
3227
1032
1042
1047
1054
1059
1064
1067
3225
1011
3227
799
819
835
845
853
859
866
873
878
883
886
889
893
896
900
902
905
907
911
915
919
923
926
930
933
936
939
941
945
949
954
958
962
965
969
972
975
980
986
992
997
1003
1008
1014
1019
1025
1030
1039
1052
1066
1083
1103
1129
1170
1204
3248
3227
1032
1042
1047
1054
1059
1064
1067
3225
1011
3227
799
819
835
845
853
859
866
873
878
883
886
889
893
896
900
902
905
907
911
915
919
923
926
930
933
936
939
941
945
949
954
958
962
965
969
972
975
980
986
992
997
1003
1008
1014
1019
1025
1030
1039
1052
1066
1083
1103
1129
1170
1204
3248
3227
1032
1042
1047
1054
1059
1064
1067
3225
1011
3227
799
819
835
845
853
859
866
873
878
883
886
889
893
896
900
902
905
907
911
915
919
923
926
930
933
936
939
941
945
949
954
958
962
965
969
972
975
980
986
992
997
1003
1008
1014
1019
1025
1030
1039
1052
1066
1083
1103
1129
1170
1204
3248
3227
1032
1042
1047
1054
1059
1064
1067
3225
1011
3227
799
819
835
845
853
859
866
873
878
883
886
889
893
896
900
902
905
907
911
915
919
923
926
930
933
936
939
941
945
949
954
958
962
965
969
972
975
980
986
992
997
1003
1008
1014
1019
1025
1030
1039
1052
1066
1083
1103
1129
1170
1204
3248
3227
1032
1042
1047
1054
1059
1064
1067
3225
1011
3227
799
819
835
845
853
859
866
873
878
883
886
889
893
896
900
902
905
907
911
915
919
923
926
930
933
936
939
941
945
949
954
958
962
965
969
972
975
980
986
992
997
1003
1008
1014
1019
1025
1030
1039
1052
1066
1083
1103
1129
1170
1204
3248
3227
1032
1042
1047
1054
1059
1064
1067
3225
1011
3227
799
819
835
845
853
859
866
873
878
883
886
889
893
896
900
902
905
907
911
915
919
923
926
930
933
936
939
941
945
949
954
958
962
965
969
972
975
980
986
992
997
1003
1008
1014
1019
1025
1030
1039
1052
1066
1083
1103
1129
1170
1204
3248
3227
1032
1042
1047
1054
1059
1064
1067
3225
1011
3227
799
819
835
845
853
859
866
873
878
883
886
889
893
896
900
902
905
907
911
915
919
923
926
930
933
936
939
941
945
949
954
958
962
965
969
972
975
980
986
992
997
1003
1008
1014
1019
1025
1030
1039
1052
1066
1083
1103
1129
1170
1204
3248
3227
1032
1042
1047
1054
1059
1064
1067
3225
1011
3227
799
819
835
845
853
859
866
873
878
883
886
889
893
896
900
902
905
907
911
915
919
923
926
930
933
936
939
941
945
949
954
958
962
965
969
972
975
980
986
992
997
1003
1008
1014
1019
1025
1030
1039
1052
1066
1083
1103
1129
1170
1204
3248
3227
1032
1042
1047
1054
1059
1064
1067
3225
1011
3227
799
819
835
845
853
859
866
873
878
883
886
889
893
896
900
902
905
907
911
915
919
923
926
930
933
936
939
941
945
949
954
958
962
965
969
972
975
980
986
992
997
1003
1008
1014
1019
1025
1030
1039
1052
1066
1083
1103
1129
1170
1204
3248
3227
1032
1042
1047
1054
1059
1064
1067
3225
1011
3227
799
819
835
845
853
859
866
873
878
883
886
889
893
896
900
902
905
907
911
915
919
923
926
930
933
936
939
941
945
949
954
958
962
965
969
972
975
980
986
992
997
1003
1008
1014
1019
1025
1030
1039
1052
1066
1083
1103
1129
1170
1204
3248
3227
1032
1042
1047
1054
1059
1064
1067
3225
1011
3227
799
819
835
845
853
859
866
873
878
883
886
889
893
896
900
902
905
907
911
915
919
923
926
930
933
936
939
941
945
949
954
958
962
965
969
972
975
980
986
992
997
1003
1008
1014
1019
1025
1030
1039
1052
1066
1083
1103
1129
1170
1204
3248
3227
1032
1042
1047
1054
1059
1064
1067
3225
1011
3227
799
819
835
845
853
859
866
873
878
883
886
889
893
896
900
902
905
907
911
915
919
923
926
930
933
936
939
941
945
949
954
958
962
965
969
972
975
980
986
992
997
1003
1008
1014
1019
1025
1030
1039
1052
1066
1083
1103
1129
1170
1204
3248
3227
1032
1042
1047
1054
1059
1064
1067
3225
1011
3227
799
819
835
845
853
859
866
873
878
883
886
889
893
896
900
902
905
907
911
915
919
923
926
930
933
936
939
941
945
949
954
958
962
965
969
972
975
980
986
992
997
1003
1008
1014
1019
1025
1030
1039
1052
1066
1083
1103
1129
1170
1204
3248
3227
1032
1042
1047
1054
1059
1064
1067
3225
1011
3227
799
819
835
845
853
859
866
873
878
883
886
889
893
896
900
902
905
907
911
915
919
923
926
930
933
936
939
941
945
949
954
958
962
965
969
972
975
980
986
992
997
1003
1008
1014
1019
1025
1030
1039
1052
1066
1083
1103
1129
1170
1204
3248
3227
1032
1042
1047
1054
1059
1064
1067
3225
1011
3227
799
819
835
845
853
859
866
873
878
883
886
889
893
896
900
902
905
907
911
915
919
923
926
930
933
936
939
941
945
949
954
958
962
965
969
972
975
980
986
992
997
1003
1008
1014
1019
1025
1030
1039
1052
1066
1083
1103
1129
1170
1204
3248
3227
1032
1042
1047
1054
1059
1064
1067
3225
1011
3227
799
819
835
845
853
859
866
873
878
883
886
889
893
896
900
902
905
907
911
915
919
923
926
930
933
936
939
941
945
949
954
958
962
965
969
972
975
980
986
992
997
1003
1008
1014
1019
1025
1030
1039
1052
1066
1083
1103
1129
1170
1204
3248
3227
1032
1042
1047
1054
1059
1064
1067
3225
1011
3227
799
819
835
845
853
859
866
873
878
883
886
889
893
896
900
902
905
907
911
915
919
923
926
930
933
936
939
941
945
949
954
958
962
965
969
972
975
980
986
992
997
1003
1008
1014
1019
1025
1030
1039
1052
1066
1083
1103
1129
1170
1204
3248
3227
1032
1042
1047
1054
1059
1064
1067
3225
1011
3227
799
819
835
845
853
859
866
873
878
883
886
889
893
896
900
902
905
907
911
915
919
923
926
930
933
936
939
941
945
949
954
958
962
965
969
972
975
980
986
992
997
1003
1008
1014
1019
1025
1030
1039
1052
1066
1083
1103
1129
1170
1204
3248
3227
1032
1042
1047
1054
1059
1064
1067
3225
1011
3227
799
819
835
845
853
859
866
873
878
883
886
889
893
896
900
902
905
907
911
915
919
923
926
930
933
936
939
941
945
949
954
958
962
965
969
972
975
980
986
992
997
1003
1008
1014
1019
1025
1030
1039
1052
1066
1083
1103
1129
1170
1204
3248
3227
1032
1042
1047
1054
1059
1064
1067
3225
1011
3227
799
819
835
845
853
859
866
873
878
883
886
889
893
896
900
902
905
907
911
915
919
923
926
930
933
936
939
941
945
949
954
958
962
965
969
972
975
980
986
992
997
1003
1008
1014
1019
1025
1030
1039
1052
1066
1083
1103
1129
1170
1204
3248
3227
1032
1042
1047
1054
1059
1064
1067
3225
1011
3227
799
819
835
845
853
859
866
873
878
883
886
889
893
896
900
902
905
907
911
915
919
923
926
930
933
936
939
941
945
949
954
958
962
965
969
972
975
980
986
992
997
1003
1008
1014
1019
1025
1030
1039
1052
1066
1083
1103
1129
1170
1204
3248
3227
1032
1042
1047
1054
1059
1064
1067
3225
1011
3227
799
819
835
845
853
859
866
873
878
883
886
889
893
896
900
902
905
907
911
915
919
923
926
930
933
936
939
941
945
949
954
958
962
965
969
972
975
980
986
992
997
1003
1008
1014
1019
1025
1030
1039
1052
1066
1083
1103
1129
1170
1204
3248
3227
1032
1042
1047
1054
1059
1064
1067
3225
1011
3227
799
819
835
845
853
859
866
873
878
883
886
889
893
896
900
902
905
907
911
915
919
923
926
930
933
936
939
941
945
949
954
958
962
965
969
972
975
980
986
992
997
1003
1008
1014
1019
1025
1030
1039
1052
1066
1083
1103
1129
1170
1204
3248
3227
1032
1042
1047
1054
1059
1064
1067
3225
1011
3227
799
819
835
845
853
859
866
873
878
883
886
889
893
896
900
902
905
907
911
915
919
923
926
930
933
936
939
941
945
949
954
958
962
965
969
972
975
980
986
992
997
1003
1008
1014
1019
1025
1030
1039
1052
1066
1083
1103
1129
1170
1204
3248
3227
1032
1042
1047
1054
1059
1064
1067
3225
1011
3227
799
819
835
845
853
859
866
873
878
883
886
889
893
896
900
902
905
907
911
915
919
923
926
930
933
936
939
941
945
949
954
958
962
965
969
972
975
980
986
992
997
1003
1008
1014
1019
1025
1030
1039
1052
1066
1083
1103
1129
1170
1204
3248
3227
1032
1042
1047
1054
1059
1064
1067
3225
1011
3227
799
819
835
845
853
859
866
873
878
883
886
889
893
896
900
902
905
907
911
915
919
923
926
930
933
936
939
941
945
949
954
958
962
965
969
972
975
980
986
992
997
1003
1008
1014
1019
1025
1030
1039
1052
1066
1083
1103
1129
1170
1204
3248
3227
1032
1042
1047
1054
1059
1064
1067
3225
1011
3227
799
819
835
845
853
859
866
873
878
883
886
889
893
896
900
902
905
907
911
915
919
923
926
930
933
936
939
941
945
949
954
958
962
965
969
972
975
980
986
992
997
1003
1008
1014
1019
1025
1030
1039
1052
1066
1083
1103
1129
1170
1204
3248
3227
1032
1042
1047
1054
1059
1064
1067
3225
1011
3227
799
819
835
845
853
859
866
873
878
883
886
889
893
896
900
902
905
907
911
915
919
923
926
930
933
936
939
941
945
949
954
958
962
965
969
972
975
980
986
992
997
1003
1008
1014
1019
1025
1030
1039
1052
1066
1083
1103
1129
1170
1204
3248
3227
1032
1042
1047
1054
1059
1064
1067
3225
1011
3227
799
819
835
845
853
859
866
873
878
883
886
889
893
896
900
902
905
907
911
915
919
923
926
930
933
936
939
941
945
949
954
958
962
965
969
972
975
980
986
992
997
1003
1008
1014
1019
1025
1030
1039
1052
1066
1083
1103
1129
1170
1204
3248
3227
1032
1042
1047
1054
1059
1064
1067
3225
1011
3227
799
819
835
845
853
859
866
873
878
883
886
889
893
896
900
902
905
907
911
915
919
923
926
930
933
936
939
941
945
949
954
958
962
965
969
972
975
980
986
992
997
1003
1008
1014
1019
1025
1030
1039
1052
1066
1083
1103
1129
1170
1204
3248
3227
1032
1042
1047
1054
1059
1064
1067
3225
1011
3227
799
819
835
845
853
859
866
873
878
883
886
889
893
896
900
902
905
907
911
915
919
923
926
930
933
936
939
941
945
949
954
958
962
965
969
972
975
980
986
992
997
1003
1008
1014
1019
1025
1030
1039
1052
1066
1083
1103
1129
1170
1204
3248
3227
1032
1042
1047
1054
1059
1064
1067
3225
1011
3227
799
819
835
845
853
859
866
873
878
883
886
889
893
896
900
902
905
907
911
915
919
923
926
930
933
936
939
941
945
949
954
958
962
965
969
972
975
980
986
992
997
1003
1008
1014
1019
1025
1030
1039
1052
1066
1083
1103
1129
1170
1204
3248
3227
1032
1042
1047
1054
1059
1064
1067
3225
1011
3227
799
819
835
845
853
859
866
873
878
883
886
889
893
896
900
902
905
907
911
915
919
923
926
930
933
936
939
941
945
949
954
958
962
965
969
972
975
980
986
992
997
1003
1008
1014
1019
1025
1030
1039
1052
1066
1083
1103
1129
1170
1204
3248
3227
1032
1042
1047
1054
1059
1064
1067
3225
1011
3227
799
819
835
845
853
859
866
873
878
883
886
889
893
896
900
902
905
907
911
915
919
923
926
930
933
936
939
941
945
949
954
958
962
965
969
972
975
980
986
992
997
1003
1008
1014
1019
1025
1030
1039
1052
1066
1083
1103
1129
1170
1204
3248
3227
1032
1042
1047
1054
1059
1064
1067
3225
1011
3227
799
819
835
845
853
859
866
873
878
883
886
889
893
896
900
902
905
907
911
915
919
923
926
930
933
936
939
941
945
949
954
958
962
965
969
972
975
980
986
992
997
1003
1008
1014
1019
1025
1030
1039
1052
1066
1083
1103
1129
1170
1204
3248
3227
1032
1042
1047
1054
1059
1064
1067
3225
1011
3227
799
819
835
845
853
859
866
873
878
883
886
889
893
896
900
902
905
907
911
915
919
923
926
930
933
936
939
941
945
949
954
958
962
965
969
972
975
980
986
992
997
1003
1008
1014
1019
1025
1030
1039
1052
1066
1083
1103
1129
1170
1204
3248
3227
1032
1042
1047
1054
1059
1064
1067
3225
1011
3227
799
819
835
845
853
859
866
873
878
883
886
889
893
896
900
902
905
907
911
915
919
923
926
930
933
936
939
941
945
949
954
958
962
965
969
972
975
980
986
992
997
1003
1008
1014
1019
1025
1030
1039
1052
1066
1083
1103
1129
1170
1204
3248
3227
1032
1042
1047
1054
1059
1064
1067
3225
1011
3227
799
819
835
845
853
859
866
873
878
883
886
889
893
896
900
902
905
907
911
915
919
923
926
930
933
936
939
941
945
949
954
958
962
965
969
972
975
980
986
992
997
1003
1008
1014
1019
1025
1030
1039
1052
1066
1083
1103
1129
1170
1204
3248
3227
1032
1042
1047
1054
1059
1064
1067
3225
1011
3227
799
819
835
845
853
859
866
873
878
883
886
889
893
896
900
902
905
907
911
915
919
923
926
930
933
936
939
941
945
949
954
958
962
965
969
972
975
980
986
992
997
1003
1008
1014
1019
1025
1030
1039
1052
1066
1083
1103
1129
1170
1204
3248
3227
1032
1042
1047
1054
1059
1064
1067
3225
1011
3227
799
819
835
845
853
859
866
873
878
883
886
889
893
896
900
902
905
907
911
915
919
923
926
930
933
936
939
941
945
949
954
958
962
965
969
972
975
980
986
992
997
1003
1008
1014
1019
1025
1030
1039
1052
1066
1083
1103
1129
1170
1204
3248
3227
1032
1042
1047
1054
1059
1064
1067
3225
1011
3227
799
819
835
845
853
859
866
873
878
883
886
889
893
896
900
902
905
907
911
915
919
923
926
930
933
936
939
941
945
949
954
958
962
965
969
972
975
980
986
992
997
1003
1008
1014
1019
1025
1030
1039
1052
1066
1083
1103
1129
1170
1204
3248
3227
1032
1042
1047
1054
1059
1064
1067
3225
1011
3227
799
819
835
845
853
859
866
873
878
883
886
889
893
896
900
902
905
907
911
915
919
923
926
930
933
936
939
941
945
949
954
958
962
965
969
972
975
980
986
992
997
1003
1008
1014
1019
1025
1030
1039
1052
1066
1083
1103
1129
1170
1204
3248
3227
1032
1042
1047
1054
1059
1064
1067
3225
1011
3227
799
819
835
845
853
859
866
873
878
883
886
889
893
896
900
902
905
907
911
915
919
923
926
930
933
936
939
941
945
949
954
958
962
965
969
972
975
980
986
992
997
1003
1008
1014
1019
1025
1030
1039
1052
1066
1083
1103
1129
1170
1204
3248
3227
1032
1042
1047
1054
1059
1064
1067
3225
1011
3227
799
819
835
845
853
859
866
873
878
883
886
889
893
896
900
902
905
907
911
915
919
923
926
930
933
936
939
941
945
949
954
958
962
965
969
972
975
980
986
992
997
1003
1008
1014
1019
1025
1030
1039
1052
1066
1083
1103
1129
1170
1204
3248
3227
1032
1042
1047
1054
1059
1064
1067
3225
1011
3227
799
819
835
845
853
859
866
873
878
883
886
889
893
896
900
902
905
907
911
915
919
923
926
930
933
936
939
941
945
949
954
958
962
965
969
972
975
980
986
992
997
1003
1008
1014
1019
1025
1030
1039
1052
1066
1083
1103
1129
1170
1204
3248
3227
1032
1042
1047
1054
1059
1064
1067
3225
1011
3227
799
819
835
845
853
859
866
873
878
883
886
889
893
896
900
902
905
907
911
915
919
923
926
930
933
936
939
941
945
949
954
958
962
965
969
972
975
980
986
992
997
1003
1008
1014
1019
1025
1030
1039
1052
1066
1083
1103
1129
1170
1204
3248
3227
1032
1042
1047
1054
1059
1064
1067
3225
1011
3227
799
819
835
845
853
859
866
873
878
883
886
889
893
896
900
902
905
907
911
915
919
923
926
930
933
936
939
941
945
949
954
958
962
965
969
972
975
980
986
992
997
1003
1008
1014
1019
1025
1030
1039
1052
1066
1083
1103
1129
1170
1204
3248
3227
1032
1042
1047
1054
1059
1064
1067
3225
1011
3227
799
819
835
845
853
859
866
873
878
883
886
889
893
896
900
902
905
907
911
915
919
923
926
930
933
936
939
941
945
949
954
958
962
965
969
972
975
980
986
992
997
1003
1008
1014
1019
1025
1030
1039
1052
1066
1083
1103
1129
1170
1204
3248
3227
1032
1042
1047
1054
1059
1064
1067
3225
1011
3227
799
819
835
845
853
859
866
873
878
883
886
889
893
896
900
902
905
907
911
915
919
923
926
930
933
936
939
941
945
949
954
958
962
965
969
972
975
980
986
992
997
1003
1008
1014
1019
1025
1030
1039
1052
1066
1083
1103
1129
1170
1204
3248
3227
1032
1042
1047
1054
1059
1064
1067
3225
1011
3227
799
819
835
845
853
859
866
873
878
883
886
889
893
896
900
902
905
907
911
915
919
923
926
930
933
936
939
941
945
949
954
958
962
965
969
972
975
980
986
992
997
1003
1008
1014
1019
1025
1030
1039
1052
1066
1083
1103
1129
1170
1204
3248
3227
1032
1042
1047
1054
1059
1064
1067
3225
1011
3227
799
819
835
845
853
859
866
873
878
883
886
889
893
896
900
902
905
907
911
915
919
923
926
930
933
936
939
941
945
949
954
958
962
965
969
972
975
980
986
992
997
1003
1008
1014
1019
1025
1030
1039
1052
1066
1083
1103
1129
1170
1204
3248
3227
1032
1042
1047
1054
1059
1064
1067
3225
1011
3227
799
819
835
845
853
859
866
873
878
883
886
889
893
896
900
902
905
907
911
915
919
923
926
930
933
936
939
941
945
949
954
958
962
965
969
972
975
980
986
992
997
1003
1008
1014
1019
1025
1030
1039
1052
1066
1083
1103
1129
1170
1204
3248
3227
1032
1042
1047
1054
1059
1064
1067
3225
1011
3227
799
819
835
845
853
859
866
873
878
883
886
889
893
896
900
902
905
907
911
915
919
923
926
930
933
936
939
941
945
949
954
958
962
965
969
972
975
980
986
992
997
1003
1008
1014
1019
1025
1030
1039
1052
1066
1083
1103
1129
1170
1204
3248
3227
1032
1042
1047
1054
1059
1064
1067
3225
1011
3227
799
819
835
845
853
859
866
873
878
883
886
889
893
896
900
902
905
907
911
915
919
923
926
930
933
936
939
941
945
949
954
958
962
965
969
972
975
980
986
992
997
1003
1008
1014
1019
1025
1030
1039
1052
1066
1083
1103
1129
1170
1204
3248
3227
1032
1042
1047
1054
1059
1064
1067
3225
1011
3227
799
819
835
845
853
859
866
873
878
883
886
889
893
896
900
902
905
907
911
915
919
923
926
930
933
936
939
941
945
949
954
958
962
965
969
972
975
980
986
992
997
1003
1008
1014
1019
1025
1030
1039
1052
1066
1083
1103
1129
1170
1204
3248
3227
1032
1042
1047
1054
1059
1064
1067
3225
1011
3227
799
819
835
845
853
859
866
873
878
883
886
889
893
896
900
902
905
907
911
915
919
923
926
930
933
936
939
941
945
949
954
958
962
965
969
972
975
980
986
992
997
1003
1008
1014
1019
1025
1030
1039
1052
1066
1083
1103
1129
1170
1204
3248
3227
1032
1042
1047
1054
1059
1064
1067
3225
1011
3227
799
819
835
845
853
859
866
873
878
883
886
889
893
896
900
902
905
907
911
915
919
923
926
930
933
936
939
941
945
949
954
958
962
965
969
972
975
980
986
992
997
1003
1008
1014
1019
1025
1030
1039
1052
1066
1083
1103
1129
1170
1204
3248
3227
1032
1042
1047
1054
1059
1064
1067
3225
1011
3227
799
819
835
845
853
859
866
873
878
883
886
889
893
896
900
902
905
907
911
915
919
923
926
930
933
936
939
941
945
949
954
958
962
965
969
972
975
980
986
992
997
1003
1008
1014
1019
1025
1030
1039
1052
1066
1083
1103
1129
1170
1204
3248
3227
1032
1042
1047
1054
1059
1064
1067
3225
1011
3227
799
819
835
845
853
859
866
873
878
883
886
889
893
896
900
902
905
907
911
915
919
923
926
930
933
936
939
941
945
949
954
958
962
965
969
972
975
980
986
992
997
1003
1008
1014
1019
1025
1030
1039
1052
1066
1083
1103
1129
1170
1204
3248
3227
1032
1042
1047
1054
1059
1064
1067
3225
1011
3227
799
819
835
845
853
859
866
873
878
883
886
889
893
896
900
902
905
907
911
915
919
923
926
930
933
936
939
941
945
949
954
958
962
965
969
972
975
980
986
992
997
1003
1008
1014
1019
1025
1030
1039
1052
1066
1083
1103
1129
1170
1204
3248
3227
1032
1042
1047
1054
1059
1064
1067
3225
1011
3227
799
819
835
845
853
859
866
873
878
883
886
889
893
896
900
902
905
907
911
915
919
923
926
930
933
936
939
941
945
949
954
958
962
965
969
972
975
980
986
992
997
1003
1008
1014
1019
1025
1030
1039
1052
1066
1083
1103
1129
1170
1204
3248
3227
1032
1042
1047
1054
1059
1064
1067
3225
1011
3227
799
819
835
845
853
859
866
873
878
883
886
889
893
896
900
902
905
907
911
915
919
923
926
930
933
936
939
941
945
949
954
958
962
965
969
972
975
980
986
992
997
1003
1008
1014
1019
1025
1030
1039
1052
1066
1083
1103
1129
1170
1204
3248
3227
1032
1042
1047
1054
1059
1064
1067
3225
1011
3227
719
754
773
784
793
800
808
815
821
825
828
831
835
838
842
844
847
850
853
857
861
865
869
872
875
879
882
884
887
892
896
900
904
908
911
915
918
923
928
934
940
945
951
956
962
967
973
982
995
1009
1025
1045
1071
1113
1218
3190
3170
975
985
990
997
1001
1007
1010
3168
954
3169
