2825
2853
2857
2871
2874
2883
2885
2889
2898
2906
2909
2910
2916
2917
2923
2927
2927
2930
2933
2937
2942
2946
2949
2952
2956
2958
2961
2964
2967
2972
2976
2980
2984
2988
2991
2994
2998
3002
3008
3014
3019
3024
3030
3035
3040
3046
3051
3060
3072
3086
3103
3123
3155
3116
1169
1113
1091
3053
3063
3067
3075
3079
3084
3087
1088
3032
1096
2825
2853
2857
2871
2874
2883
2885
2889
2898
2906
2909
2910
2916
2917
2923
2927
2927
2930
2933
2937
2942
2946
2949
2952
2956
2958
2961
2964
2967
2972
2976
2980
2984
2988
2991
2994
2998
3002
3008
3014
3019
3024
3030
3035
3040
3046
3051
3060
3072
3086
3103
3123
3155
3116
1169
1113
1091
3053
3063
3067
3075
3079
3084
3087
1088
3032
1096
2825
2853
2857
2871
2874
2883
2885
2889
2898
2906
2909
2910
2916
2917
2923
2927
2927
2930
2933
2937
2942
2946
2949
2952
2956
2958
2961
2964
2967
2972
2976
2980
2984
2988
2991
2994
2998
3002
3008
3014
3019
3024
3030
3035
3040
3046
3051
3060
3072
3086
3103
3123
3155
3116
1169
1113
1091
3053
3063
3067
3075
3079
3084
3087
1088
3032
1096
2825
2853
2857
2871
2874
2883
2885
2889
2898
2906
2909
2910
2916
2917
2923
2927
2927
2930
2933
2937
2942
2946
2949
2952
2956
2958
2961
2964
2967
2972
2976
2980
2984
2988
2991
2994
2998
3002
3008
3014
3019
3024
3030
3035
3040
3046
3051
3060
3072
3086
3103
3123
3155
3116
1169
1113
1091
3053
3063
3067
3075
3079
3084
3087
1088
3032
1096
2825
2853
2857
2871
2874
2883
2885
2889
2898
2906
2909
2910
2916
2917
2923
2927
2927
2930
2933
2937
2942
2946
2949
2952
2956
2958
2961
2964
2967
2972
2976
2980
2984
2988
2991
2994
2998
3002
3008
3014
3019
3024
3030
3035
3040
3046
3051
3060
3072
3086
3103
3123
3155
3116
1169
1113
1091
3053
3063
3067
3075
3079
3084
3087
1088
3032
1096
2825
2853
2857
2871
2874
2883
2885
2889
2898
2906
2909
2910
2916
2917
2923
2927
2927
2930
2933
2937
2942
2946
2949
2952
2956
2958
2961
2964
2967
2972
2976
2980
2984
2988
2991
2994
2998
3002
3008
3014
3019
3024
3030
3035
3040
3046
3051
3060
3072
3086
3103
3123
3155
3116
1169
1113
1091
3053
3063
3067
3075
3079
3084
3087
1088
3032
1096
2825
2853
2857
2871
2874
2883
2885
2889
2898
2906
2909
2910
2916
2917
2923
2927
2927
2930
2933
2937
2942
2946
2949
2952
2956
2958
2961
2964
2967
2972
2976
2980
2984
2988
2991
2994
2998
3002
3008
3014
3019
3024
3030
3035
3040
3046
3051
3060
3072
3086
3103
3123
3155
3116
1169
1113
1091
3053
3063
3067
3075
3079
3084
3087
1088
3032
1096
2825
2853
2857
2871
2874
2883
2885
2889
2898
2906
2909
2910
2916
2917
2923
2927
2927
2930
2933
2937
2942
2946
2949
2952
2956
2958
2961
2964
2967
2972
2976
2980
2984
2988
2991
2994
2998
3002
3008
3014
3019
3024
3030
3035
3040
3046
3051
3060
3072
3086
3103
3123
3155
3116
1169
1113
1091
3053
3063
3067
3075
3079
3084
3087
1088
3032
1096
2825
2853
2857
2871
2874
2883
2885
2889
2898
2906
2909
2910
2916
2917
2923
2927
2927
2930
2933
2937
2942
2946
2949
2952
2956
2958
2961
2964
2967
2972
2976
2980
2984
2988
2991
2994
2998
3002
3008
3014
3019
3024
3030
3035
3040
3046
3051
3060
3072
3086
3103
3123
3155
3116
1169
1113
1091
3053
3063
3067
3075
3079
3084
3087
1088
3032
1096
2825
2853
2857
2871
2874
2883
2885
2889
2898
2906
2909
2910
2916
2917
2923
2927
2927
2930
2933
2937
2942
2946
2949
2952
2956
2958
2961
2964
2967
2972
2976
2980
2984
2988
2991
2994
2998
3002
3008
3014
3019
3024
3030
3035
3040
3046
3051
3060
3072
3086
3103
3123
3155
3116
1169
1113
1091
3053
3063
3067
3075
3079
3084
3087
1088
3032
1096
2825
2853
2857
2871
2874
2883
2885
2889
2898
2906
2909
2910
2916
2917
2923
2927
2927
2930
2933
2937
2942
2946
2949
2952
2956
2958
2961
2964
2967
2972
2976
2980
2984
2988
2991
2994
2998
3002
3008
3014
3019
3024
3030
3035
3040
3046
3051
3060
3072
3086
3103
3123
3155
3116
1169
1113
1091
3053
3063
3067
3075
3079
3084
3087
1088
3032
1096
2825
2853
2857
2871
2874
2883
2885
2889
2898
2906
2909
2910
2916
2917
2923
2927
2927
2930
2933
2937
2942
2946
2949
2952
2956
2958
2961
2964
2967
2972
2976
2980
2984
2988
2991
2994
2998
3002
3008
3014
3019
3024
3030
3035
3040
3046
3051
3060
3072
3086
3103
3123
3155
3116
1169
1113
1091
3053
3063
3067
3075
3079
3084
3087
1088
3032
1096
2825
2853
2857
2871
2874
2883
2885
2889
2898
2906
2909
2910
2916
2917
2923
2927
2927
2930
2933
2937
2942
2946
2949
2952
2956
2958
2961
2964
2967
2972
2976
2980
2984
2988
2991
2994
2998
3002
3008
3014
3019
3024
3030
3035
3040
3046
3051
3060
3072
3086
3103
3123
3155
3116
1169
1113
1091
3053
3063
3067
3075
3079
3084
3087
1088
3032
1096
2825
2853
2857
2871
2874
2883
2885
2889
2898
2906
2909
2910
2916
2917
2923
2927
2927
2930
2933
2937
2942
2946
2949
2952
2956
2958
2961
2964
2967
2972
2976
2980
2984
2988
2991
2994
2998
3002
3008
3014
3019
3024
3030
3035
3040
3046
3051
3060
3072
3086
3103
3123
3155
3116
1169
1113
1091
3053
3063
3067
3075
3079
3084
3087
1088
3032
1096
2825
2853
2857
2871
2874
2883
2885
2889
2898
2906
2909
2910
2916
2917
2923
2927
2927
2930
2933
2937
2942
2946
2949
2952
2956
2958
2961
2964
2967
2972
2976
2980
2984
2988
2991
2994
2998
3002
3008
3014
3019
3024
3030
3035
3040
3046
3051
3060
3072
3086
3103
3123
3155
3116
1169
1113
1091
3053
3063
3067
3075
3079
3084
3087
1088
3032
1096
2825
2853
2857
2871
2874
2883
2885
2889
2898
2906
2909
2910
2916
2917
2923
2927
2927
2930
2933
2937
2942
2946
2949
2952
2956
2958
2961
2964
2967
2972
2976
2980
2984
2988
2991
2994
2998
3002
3008
3014
3019
3024
3030
3035
3040
3046
3051
3060
3072
3086
3103
3123
3155
3116
1169
1113
1091
3053
3063
3067
3075
3079
3084
3087
1088
3032
1096
2825
2853
2857
2871
2874
2883
2885
2889
2898
2906
2909
2910
2916
2917
2923
2927
2927
2930
2933
2937
2942
2946
2949
2952
2956
2958
2961
2964
2967
2972
2976
2980
2984
2988
2991
2994
2998
3002
3008
3014
3019
3024
3030
3035
3040
3046
3051
3060
3072
3086
3103
3123
3155
3116
1169
1113
1091
3053
3063
3067
3075
3079
3084
3087
1088
3032
1096
2825
2853
2857
2871
2874
2883
2885
2889
2898
2906
2909
2910
2916
2917
2923
2927
2927
2930
2933
2937
2942
2946
2949
2952
2956
2958
2961
2964
2967
2972
2976
2980
2984
2988
2991
2994
2998
3002
3008
3014
3019
3024
3030
3035
3040
3046
3051
3060
3072
3086
3103
3123
3155
3116
1169
1113
1091
3053
3063
3067
3075
3079
3084
3087
1088
3032
1096
2825
2853
2857
2871
2874
2883
2885
2889
2898
2906
2909
2910
2916
2917
2923
2927
2927
2930
2933
2937
2942
2946
2949
2952
2956
2958
2961
2964
2967
2972
2976
2980
2984
2988
2991
2994
2998
3002
3008
3014
3019
3024
3030
3035
3040
3046
3051
3060
3072
3086
3103
3123
3155
3116
1169
1113
1091
3053
3063
3067
3075
3079
3084
3087
1088
3032
1096
2825
2853
2857
2871
2874
2883
2885
2889
2898
2906
2909
2910
2916
2917
2923
2927
2927
2930
2933
2937
2942
2946
2949
2952
2956
2958
2961
2964
2967
2972
2976
2980
2984
2988
2991
2994
2998
3002
3008
3014
3019
3024
3030
3035
3040
3046
3051
3060
3072
3086
3103
3123
3155
3116
1169
1113
1091
3053
3063
3067
3075
3079
3084
3087
1088
3032
1096
2825
2853
2857
2871
2874
2883
2885
2889
2898
2906
2909
2910
2916
2917
2923
2927
2927
2930
2933
2937
2942
2946
2949
2952
2956
2958
2961
2964
2967
2972
2976
2980
2984
2988
2991
2994
2998
3002
3008
3014
3019
3024
3030
3035
3040
3046
3051
3060
3072
3086
3103
3123
3155
3116
1169
1113
1091
3053
3063
3067
3075
3079
3084
3087
1088
3032
1096
2825
2853
2857
2871
2874
2883
2885
2889
2898
2906
2909
2910
2916
2917
2923
2927
2927
2930
2933
2937
2942
2946
2949
2952
2956
2958
2961
2964
2967
2972
2976
2980
2984
2988
2991
2994
2998
3002
3008
3014
3019
3024
3030
3035
3040
3046
3051
3060
3072
3086
3103
3123
3155
3116
1169
1113
1091
3053
3063
3067
3075
3079
3084
3087
1088
3032
1096
2825
2853
2857
2871
2874
2883
2885
2889
2898
2906
2909
2910
2916
2917
2923
2927
2927
2930
2933
2937
2942
2946
2949
2952
2956
2958
2961
2964
2967
2972
2976
2980
2984
2988
2991
2994
2998
3002
3008
3014
3019
3024
3030
3035
3040
3046
3051
3060
3072
3086
3103
3123
3155
3116
1169
1113
1091
3053
3063
3067
3075
3079
3084
3087
1088
3032
1096
2825
2853
2857
2871
2874
2883
2885
2889
2898
2906
2909
2910
2916
2917
2923
2927
2927
2930
2933
2937
2942
2946
2949
2952
2956
2958
2961
2964
2967
2972
2976
2980
2984
2988
2991
2994
2998
3002
3008
3014
3019
3024
3030
3035
3040
3046
3051
3060
3072
3086
3103
3123
3155
3116
1169
1113
1091
3053
3063
3067
3075
3079
3084
3087
1088
3032
1096
2825
2853
2857
2871
2874
2883
2885
2889
2898
2906
2909
2910
2916
2917
2923
2927
2927
2930
2933
2937
2942
2946
2949
2952
2956
2958
2961
2964
2967
2972
2976
2980
2984
2988
2991
2994
2998
3002
3008
3014
3019
3024
3030
3035
3040
3046
3051
3060
3072
3086
3103
3123
3155
3116
1169
1113
1091
3053
3063
3067
3075
3079
3084
3087
1088
3032
1096
2825
2853
2857
2871
2874
2883
2885
2889
2898
2906
2909
2910
2916
2917
2923
2927
2927
2930
2933
2937
2942
2946
2949
2952
2956
2958
2961
2964
2967
2972
2976
2980
2984
2988
2991
2994
2998
3002
3008
3014
3019
3024
3030
3035
3040
3046
3051
3060
3072
3086
3103
3123
3155
3116
1169
1113
1091
3053
3063
3067
3075
3079
3084
3087
1088
3032
1096
2825
2853
2857
2871
2874
2883
2885
2889
2898
2906
2909
2910
2916
2917
2923
2927
2927
2930
2933
2937
2942
2946
2949
2952
2956
2958
2961
2964
2967
2972
2976
2980
2984
2988
2991
2994
2998
3002
3008
3014
3019
3024
3030
3035
3040
3046
3051
3060
3072
3086
3103
3123
3155
3116
1169
1113
1091
3053
3063
3067
3075
3079
3084
3087
1088
3032
1096
2825
2853
2857
2871
2874
2883
2885
2889
2898
2906
2909
2910
2916
2917
2923
2927
2927
2930
2933
2937
2942
2946
2949
2952
2956
2958
2961
2964
2967
2972
2976
2980
2984
2988
2991
2994
2998
3002
3008
3014
3019
3024
3030
3035
3040
3046
3051
3060
3072
3086
3103
3123
3155
3116
1169
1113
1091
3053
3063
3067
3075
3079
3084
3087
1088
3032
1096
2825
2853
2857
2871
2874
2883
2885
2889
2898
2906
2909
2910
2916
2917
2923
2927
2927
2930
2933
2937
2942
2946
2949
2952
2956
2958
2961
2964
2967
2972
2976
2980
2984
2988
2991
2994
2998
3002
3008
3014
3019
3024
3030
3035
3040
3046
3051
3060
3072
3086
3103
3123
3155
3116
1169
1113
1091
3053
3063
3067
3075
3079
3084
3087
1088
3032
1096
2825
2853
2857
2871
2874
2883
2885
2889
2898
2906
2909
2910
2916
2917
2923
2927
2927
2930
2933
2937
2942
2946
2949
2952
2956
2958
2961
2964
2967
2972
2976
2980
2984
2988
2991
2994
2998
3002
3008
3014
3019
3024
3030
3035
3040
3046
3051
3060
3072
3086
3103
3123
3155
3116
1169
1113
1091
3053
3063
3067
3075
3079
3084
3087
1088
3032
1096
2825
2853
2857
2871
2874
2883
2885
2889
2898
2906
2909
2910
2916
2917
2923
2927
2927
2930
2933
2937
2942
2946
2949
2952
2956
2958
2961
2964
2967
2972
2976
2980
2984
2988
2991
2994
2998
3002
3008
3014
3019
3024
3030
3035
3040
3046
3051
3060
3072
3086
3103
3123
3155
3116
1169
1113
1091
3053
3063
3067
3075
3079
3084
3087
1088
3032
1096
2825
2853
2857
2871
2874
2883
2885
2889
2898
2906
2909
2910
2916
2917
2923
2927
2927
2930
2933
2937
2942
2946
2949
2952
2956
2958
2961
2964
2967
2972
2976
2980
2984
2988
2991
2994
2998
3002
3008
3014
3019
3024
3030
3035
3040
3046
3051
3060
3072
3086
3103
3123
3155
3116
1169
1113
1091
3053
3063
3067
3075
3079
3084
3087
1088
3032
1096
2825
2853
2857
2871
2874
2883
2885
2889
2898
2906
2909
2910
2916
2917
2923
2927
2927
2930
2933
2937
2942
2946
2949
2952
2956
2958
2961
2964
2967
2972
2976
2980
2984
2988
2991
2994
2998
3002
3008
3014
3019
3024
3030
3035
3040
3046
3051
3060
3072
3086
3103
3123
3155
3116
1169
1113
1091
3053
3063
3067
3075
3079
3084
3087
1088
3032
1096
2825
2853
2857
2871
2874
2883
2885
2889
2898
2906
2909
2910
2916
2917
2923
2927
2927
2930
2933
2937
2942
2946
2949
2952
2956
2958
2961
2964
2967
2972
2976
2980
2984
2988
2991
2994
2998
3002
3008
3014
3019
3024
3030
3035
3040
3046
3051
3060
3072
3086
3103
3123
3155
3116
1169
1113
1091
3053
3063
3067
3075
3079
3084
3087
1088
3032
1096
2825
2853
2857
2871
2874
2883
2885
2889
2898
2906
2909
2910
2916
2917
2923
2927
2927
2930
2933
2937
2942
2946
2949
2952
2956
2958
2961
2964
2967
2972
2976
2980
2984
2988
2991
2994
2998
3002
3008
3014
3019
3024
3030
3035
3040
3046
3051
3060
3072
3086
3103
3123
3155
3116
1169
1113
1091
3053
3063
3067
3075
3079
3084
3087
1088
3032
1096
2825
2853
2857
2871
2874
2883
2885
2889
2898
2906
2909
2910
2916
2917
2923
2927
2927
2930
2933
2937
2942
2946
2949
2952
2956
2958
2961
2964
2967
2972
2976
2980
2984
2988
2991
2994
2998
3002
3008
3014
3019
3024
3030
3035
3040
3046
3051
3060
3072
3086
3103
3123
3155
3116
1169
1113
1091
3053
3063
3067
3075
3079
3084
3087
1088
3032
1096
2825
2853
2857
2871
2874
2883
2885
2889
2898
2906
2909
2910
2916
2917
2923
2927
2927
2930
2933
2937
2942
2946
2949
2952
2956
2958
2961
2964
2967
2972
2976
2980
2984
2988
2991
2994
2998
3002
3008
3014
3019
3024
3030
3035
3040
3046
3051
3060
3072
3086
3103
3123
3155
3116
1169
1113
1091
3053
3063
3067
3075
3079
3084
3087
1088
3032
1096
2825
2853
2857
2871
2874
2883
2885
2889
2898
2906
2909
2910
2916
2917
2923
2927
2927
2930
2933
2937
2942
2946
2949
2952
2956
2958
2961
2964
2967
2972
2976
2980
2984
2988
2991
2994
2998
3002
3008
3014
3019
3024
3030
3035
3040
3046
3051
3060
3072
3086
3103
3123
3155
3116
1169
1113
1091
3053
3063
3067
3075
3079
3084
3087
1088
3032
1096
2825
2853
2857
2871
2874
2883
2885
2889
2898
2906
2909
2910
2916
2917
2923
2927
2927
2930
2933
2937
2942
2946
2949
2952
2956
2958
2961
2964
2967
2972
2976
2980
2984
2988
2991
2994
2998
3002
3008
3014
3019
3024
3030
3035
3040
3046
3051
3060
3072
3086
3103
3123
3155
3116
1169
1113
1091
3053
3063
3067
3075
3079
3084
3087
1088
3032
1096
2825
2853
2857
2871
2874
2883
2885
2889
2898
2906
2909
2910
2916
2917
2923
2927
2927
2930
2933
2937
2942
2946
2949
2952
2956
2958
2961
2964
2967
2972
2976
2980
2984
2988
2991
2994
2998
3002
3008
3014
3019
3024
3030
3035
3040
3046
3051
3060
3072
3086
3103
3123
3155
3116
1169
1113
1091
3053
3063
3067
3075
3079
3084
3087
1088
3032
1096
2825
2853
2857
2871
2874
2883
2885
2889
2898
2906
2909
2910
2916
2917
2923
2927
2927
2930
2933
2937
2942
2946
2949
2952
2956
2958
2961
2964
2967
2972
2976
2980
2984
2988
2991
2994
2998
3002
3008
3014
3019
3024
3030
3035
3040
3046
3051
3060
3072
3086
3103
3123
3155
3116
1169
1113
1091
3053
3063
3067
3075
3079
3084
3087
1088
3032
1096
2825
2853
2857
2871
2874
2883
2885
2889
2898
2906
2909
2910
2916
2917
2923
2927
2927
2930
2933
2937
2942
2946
2949
2952
2956
2958
2961
2964
2967
2972
2976
2980
2984
2988
2991
2994
2998
3002
3008
3014
3019
3024
3030
3035
3040
3046
3051
3060
3072
3086
3103
3123
3155
3116
1169
1113
1091
3053
3063
3067
3075
3079
3084
3087
1088
3032
1096
2825
2853
2857
2871
2874
2883
2885
2889
2898
2906
2909
2910
2916
2917
2923
2927
2927
2930
2933
2937
2942
2946
2949
2952
2956
2958
2961
2964
2967
2972
2976
2980
2984
2988
2991
2994
2998
3002
3008
3014
3019
3024
3030
3035
3040
3046
3051
3060
3072
3086
3103
3123
3155
3116
1169
1113
1091
3053
3063
3067
3075
3079
3084
3087
1088
3032
1096
2825
2853
2857
2871
2874
2883
2885
2889
2898
2906
2909
2910
2916
2917
2923
2927
2927
2930
2933
2937
2942
2946
2949
2952
2956
2958
2961
2964
2967
2972
2976
2980
2984
2988
2991
2994
2998
3002
3008
3014
3019
3024
3030
3035
3040
3046
3051
3060
3072
3086
3103
3123
3155
3116
1169
1113
1091
3053
3063
3067
3075
3079
3084
3087
1088
3032
1096
2825
2853
2857
2871
2874
2883
2885
2889
2898
2906
2909
2910
2916
2917
2923
2927
2927
2930
2933
2937
2942
2946
2949
2952
2956
2958
2961
2964
2967
2972
2976
2980
2984
2988
2991
2994
2998
3002
3008
3014
3019
3024
3030
3035
3040
3046
3051
3060
3072
3086
3103
3123
3155
3116
1169
1113
1091
3053
3063
3067
3075
3079
3084
3087
1088
3032
1096
2825
2853
2857
2871
2874
2883
2885
2889
2898
2906
2909
2910
2916
2917
2923
2927
2927
2930
2933
2937
2942
2946
2949
2952
2956
2958
2961
2964
2967
2972
2976
2980
2984
2988
2991
2994
2998
3002
3008
3014
3019
3024
3030
3035
3040
3046
3051
3060
3072
3086
3103
3123
3155
3116
1169
1113
1091
3053
3063
3067
3075
3079
3084
3087
1088
3032
1096
2825
2853
2857
2871
2874
2883
2885
2889
2898
2906
2909
2910
2916
2917
2923
2927
2927
2930
2933
2937
2942
2946
2949
2952
2956
2958
2961
2964
2967
2972
2976
2980
2984
2988
2991
2994
2998
3002
3008
3014
3019
3024
3030
3035
3040
3046
3051
3060
3072
3086
3103
3123
3155
3116
1169
1113
1091
3053
3063
3067
3075
3079
3084
3087
1088
3032
1096
2825
2853
2857
2871
2874
2883
2885
2889
2898
2906
2909
2910
2916
2917
2923
2927
2927
2930
2933
2937
2942
2946
2949
2952
2956
2958
2961
2964
2967
2972
2976
2980
2984
2988
2991
2994
2998
3002
3008
3014
3019
3024
3030
3035
3040
3046
3051
3060
3072
3086
3103
3123
3155
3116
1169
1113
1091
3053
3063
3067
3075
3079
3084
3087
1088
3032
1096
2825
2853
2857
2871
2874
2883
2885
2889
2898
2906
2909
2910
2916
2917
2923
2927
2927
2930
2933
2937
2942
2946
2949
2952
2956
2958
2961
2964
2967
2972
2976
2980
2984
2988
2991
2994
2998
3002
3008
3014
3019
3024
3030
3035
3040
3046
3051
3060
3072
3086
3103
3123
3155
3116
1169
1113
1091
3053
3063
3067
3075
3079
3084
3087
1088
3032
1096
2825
2853
2857
2871
2874
2883
2885
2889
2898
2906
2909
2910
2916
2917
2923
2927
2927
2930
2933
2937
2942
2946
2949
2952
2956
2958
2961
2964
2967
2972
2976
2980
2984
2988
2991
2994
2998
3002
3008
3014
3019
3024
3030
3035
3040
3046
3051
3060
3072
3086
3103
3123
3155
3116
1169
1113
1091
3053
3063
3067
3075
3079
3084
3087
1088
3032
1096
2825
2853
2857
2871
2874
2883
2885
2889
2898
2906
2909
2910
2916
2917
2923
2927
2927
2930
2933
2937
2942
2946
2949
2952
2956
2958
2961
2964
2967
2972
2976
2980
2984
2988
2991
2994
2998
3002
3008
3014
3019
3024
3030
3035
3040
3046
3051
3060
3072
3086
3103
3123
3155
3116
1169
1113
1091
3053
3063
3067
3075
3079
3084
3087
1088
3032
1096
2825
2853
2857
2871
2874
2883
2885
2889
2898
2906
2909
2910
2916
2917
2923
2927
2927
2930
2933
2937
2942
2946
2949
2952
2956
2958
2961
2964
2967
2972
2976
2980
2984
2988
2991
2994
2998
3002
3008
3014
3019
3024
3030
3035
3040
3046
3051
3060
3072
3086
3103
3123
3155
3116
1169
1113
1091
3053
3063
3067
3075
3079
3084
3087
1088
3032
1096
2825
2853
2857
2871
2874
2883
2885
2889
2898
2906
2909
2910
2916
2917
2923
2927
2927
2930
2933
2937
2942
2946
2949
2952
2956
2958
2961
2964
2967
2972
2976
2980
2984
2988
2991
2994
2998
3002
3008
3014
3019
3024
3030
3035
3040
3046
3051
3060
3072
3086
3103
3123
3155
3116
1169
1113
1091
3053
3063
3067
3075
3079
3084
3087
1088
3032
1096
2825
2853
2857
2871
2874
2883
2885
2889
2898
2906
2909
2910
2916
2917
2923
2927
2927
2930
2933
2937
2942
2946
2949
2952
2956
2958
2961
2964
2967
2972
2976
2980
2984
2988
2991
2994
2998
3002
3008
3014
3019
3024
3030
3035
3040
3046
3051
3060
3072
3086
3103
3123
3155
3116
1169
1113
1091
3053
3063
3067
3075
3079
3084
3087
1088
3032
1096
2825
2853
2857
2871
2874
2883
2885
2889
2898
2906
2909
2910
2916
2917
2923
2927
2927
2930
2933
2937
2942
2946
2949
2952
2956
2958
2961
2964
2967
2972
2976
2980
2984
2988
2991
2994
2998
3002
3008
3014
3019
3024
3030
3035
3040
3046
3051
3060
3072
3086
3103
3123
3155
3116
1169
1113
1091
3053
3063
3067
3075
3079
3084
3087
1088
3032
1096
2825
2853
2857
2871
2874
2883
2885
2889
2898
2906
2909
2910
2916
2917
2923
2927
2927
2930
2933
2937
2942
2946
2949
2952
2956
2958
2961
2964
2967
2972
2976
2980
2984
2988
2991
2994
2998
3002
3008
3014
3019
3024
3030
3035
3040
3046
3051
3060
3072
3086
3103
3123
3155
3116
1169
1113
1091
3053
3063
3067
3075
3079
3084
3087
1088
3032
1096
2825
2853
2857
2871
2874
2883
2885
2889
2898
2906
2909
2910
2916
2917
2923
2927
2927
2930
2933
2937
2942
2946
2949
2952
2956
2958
2961
2964
2967
2972
2976
2980
2984
2988
2991
2994
2998
3002
3008
3014
3019
3024
3030
3035
3040
3046
3051
3060
3072
3086
3103
3123
3155
3116
1169
1113
1091
3053
3063
3067
3075
3079
3084
3087
1088
3032
1096
2825
2853
2857
2871
2874
2883
2885
2889
2898
2906
2909
2910
2916
2917
2923
2927
2927
2930
2933
2937
2942
2946
2949
2952
2956
2958
2961
2964
2967
2972
2976
2980
2984
2988
2991
2994
2998
3002
3008
3014
3019
3024
3030
3035
3040
3046
3051
3060
3072
3086
3103
3123
3155
3116
1169
1113
1091
3053
3063
3067
3075
3079
3084
3087
1088
3032
1096
2825
2853
2857
2871
2874
2883
2885
2889
2898
2906
2909
2910
2916
2917
2923
2927
2927
2930
2933
2937
2942
2946
2949
2952
2956
2958
2961
2964
2967
2972
2976
2980
2984
2988
2991
2994
2998
3002
3008
3014
3019
3024
3030
3035
3040
3046
3051
3060
3072
3086
3103
3123
3155
3116
1169
1113
1091
3053
3063
3067
3075
3079
3084
3087
1088
3032
1096
2825
2853
2857
2871
2874
2883
2885
2889
2898
2906
2909
2910
2916
2917
2923
2927
2927
2930
2933
2937
2942
2946
2949
2952
2956
2958
2961
2964
2967
2972
2976
2980
2984
2988
2991
2994
2998
3002
3008
3014
3019
3024
3030
3035
3040
3046
3051
3060
3072
3086
3103
3123
3155
3116
1169
1113
1091
3053
3063
3067
3075
3079
3084
3087
1088
3032
1096
2825
2853
2857
2871
2874
2883
2885
2889
2898
2906
2909
2910
2916
2917
2923
2927
2927
2930
2933
2937
2942
2946
2949
2952
2956
2958
2961
2964
2967
2972
2976
2980
2984
2988
2991
2994
2998
3002
3008
3014
3019
3024
3030
3035
3040
3046
3051
3060
3072
3086
3103
3123
3155
3116
1169
1113
1091
3053
3063
3067
3075
3079
3084
3087
1088
3032
1096
2825
2853
2857
2871
2874
2883
2885
2889
2898
2906
2909
2910
2916
2917
2923
2927
2927
2930
2933
2937
2942
2946
2949
2952
2956
2958
2961
2964
2967
2972
2976
2980
2984
2988
2991
2994
2998
3002
3008
3014
3019
3024
3030
3035
3040
3046
3051
3060
3072
3086
3103
3123
3155
3116
1169
1113
1091
3053
3063
3067
3075
3079
3084
3087
1088
3032
1096
2825
2853
2857
2871
2874
2883
2885
2889
2898
2906
2909
2910
2916
2917
2923
2927
2927
2930
2933
2937
2942
2946
2949
2952
2956
2958
2961
2964
2967
2972
2976
2980
2984
2988
2991
2994
2998
3002
3008
3014
3019
3024
3030
3035
3040
3046
3051
3060
3072
3086
3103
3123
3155
3116
1169
1113
1091
3053
3063
3067
3075
3079
3084
3087
1088
3032
1096
2755
2796
2789
2805
2789
2802
2792
2796
2817
2836
2839
2836
2845
2839
2854
2861
2853
2857
2860
2865
2869
2874
2876
2879
2885
2885
2888
2892
2894
2900
2904
2906
2913
2915
2919
2922
2926
2931
2936
2941
2946
2951
2958
2963
2968
2973
2979
2987
3000
3014
3030
3051
3082
1184
1094
1041
1018
2981
2991
2995
3002
3006
3012
3015
1015
2960
1024
