1185
1185
1185
1185
1185
1185
1185
1186
1186
1186
1186
1186
1187
1187
1187
1188
1188
1188
1189
1190
1191
1192
1193
1195
1196
1198
1200
1202
1205
1210
1217
1225
1236
1251
1276
1312
3382
3306
3269
3249
3234
3223
3214
3206
3199
3194
3189
3183
3178
3175
3175
3181
3197
3172
1185
1111
1066
3187
3181
3179
3177
3176
3175
3175
1058
3181
1092
1185
1185
1185
1185
1185
1185
1185
1186
1186
1186
1186
1186
1187
1187
1187
1188
1188
1188
1189
1190
1191
1192
1193
1195
1196
1198
1200
1202
1205
1210
1217
1225
1236
1251
1276
1312
3382
3306
3269
3249
3234
3223
3214
3206
3199
3194
3189
3183
3178
3175
3175
3181
3197
3172
1185
1111
1066
3187
3181
3179
3177
3176
3175
3175
1058
3181
1092
1185
1185
1185
1185
1185
1185
1185
1186
1186
1186
1186
1186
1187
1187
1187
1188
1188
1188
1189
1190
1191
1192
1193
1195
1196
1198
1200
1202
1205
1210
1217
1225
1236
1251
1276
1312
3382
3306
3269
3249
3234
3223
3214
3206
3199
3194
3189
3183
3178
3175
3175
3181
3197
3172
1185
1111
1066
3187
3181
3179
3177
3176
3175
3175
1058
3181
1092
1185
1185
1185
1185
1185
1185
1185
1186
1186
1186
1186
1186
1187
1187
1187
1188
1188
1188
1189
1190
1191
1192
1193
1195
1196
1198
1200
1202
1205
1210
1217
1225
1236
1251
1276
1312
3382
3306
3269
3249
3234
3223
3214
3206
3199
3194
3189
3183
3178
3175
3175
3181
3197
3172
1185
1111
1066
3187
3181
3179
3177
3176
3175
3175
1058
3181
1092
1185
1185
1185
1185
1185
1185
1185
1186
1186
1186
1186
1186
1187
1187
1187
1188
1188
1188
1189
1190
1191
1192
1193
1195
1196
1198
1200
1202
1205
1210
1217
1225
1236
1251
1276
1312
3382
3306
3269
3249
3234
3223
3214
3206
3199
3194
3189
3183
3178
3175
3175
3181
3197
3172
1185
1111
1066
3187
3181
3179
3177
3176
3175
3175
1058
3181
1092
1185
1185
1185
1185
1185
1185
1185
1186
1186
1186
1186
1186
1187
1187
1187
1188
1188
1188
1189
1190
1191
1192
1193
1195
1196
1198
1200
1202
1205
1210
1217
1225
1236
1251
1276
1312
3382
3306
3269
3249
3234
3223
3214
3206
3199
3194
3189
3183
3178
3175
3175
3181
3197
3172
1185
1111
1066
3187
3181
3179
3177
3176
3175
3175
1058
3181
1092
1185
1185
1185
1185
1185
1185
1185
1186
1186
1186
1186
1186
1187
1187
1187
1188
1188
1188
1189
1190
1191
1192
1193
1195
1196
1198
1200
1202
1205
1210
1217
1225
1236
1251
1276
1312
3382
3306
3269
3249
3234
3223
3214
3206
3199
3194
3189
3183
3178
3175
3175
3181
3197
3172
1185
1111
1066
3187
3181
3179
3177
3176
3175
3175
1058
3181
1092
1185
1185
1185
1185
1185
1185
1185
1186
1186
1186
1186
1186
1187
1187
1187
1188
1188
1188
1189
1190
1191
1192
1193
1195
1196
1198
1200
1202
1205
1210
1217
1225
1236
1251
1276
1312
3382
3306
3269
3249
3234
3223
3214
3206
3199
3194
3189
3183
3178
3175
3175
3181
3197
3172
1185
1111
1066
3187
3181
3179
3177
3176
3175
3175
1058
3181
1092
1185
1185
1185
1185
1185
1185
1185
1186
1186
1186
1186
1186
1187
1187
1187
1188
1188
1188
1189
1190
1191
1192
1193
1195
1196
1198
1200
1202
1205
1210
1217
1225
1236
1251
1276
1312
3382
3306
3269
3249
3234
3223
3214
3206
3199
3194
3189
3183
3178
3175
3175
3181
3197
3172
1185
1111
1066
3187
3181
3179
3177
3176
3175
3175
1058
3181
1092
1185
1185
1185
1185
1185
1185
1185
1186
1186
1186
1186
1186
1187
1187
1187
1188
1188
1188
1189
1190
1191
1192
1193
1195
1196
1198
1200
1202
1205
1210
1217
1225
1236
1251
1276
1312
3382
3306
3269
3249
3234
3223
3214
3206
3199
3194
3189
3183
3178
3175
3175
3181
3197
3172
1185
1111
1066
3187
3181
3179
3177
3176
3175
3175
1058
3181
1092
1185
1185
1185
1185
1185
1185
1185
1186
1186
1186
1186
1186
1187
1187
1187
1188
1188
1188
1189
1190
1191
1192
1193
1195
1196
1198
1200
1202
1205
1210
1217
1225
1236
1251
1276
1312
3382
3306
3269
3249
3234
3223
3214
3206
3199
3194
3189
3183
3178
3175
3175
3181
3197
3172
1185
1111
1066
3187
3181
3179
3177
3176
3175
3175
1058
3181
1092
1185
1185
1185
1185
1185
1185
1185
1186
1186
1186
1186
1186
1187
1187
1187
1188
1188
1188
1189
1190
1191
1192
1193
1195
1196
1198
1200
1202
1205
1210
1217
1225
1236
1251
1276
1312
3382
3306
3269
3249
3234
3223
3214
3206
3199
3194
3189
3183
3178
3175
3175
3181
3197
3172
1185
1111
1066
3187
3181
3179
3177
3176
3175
3175
1058
3181
1092
1185
1185
1185
1185
1185
1185
1185
1186
1186
1186
1186
1186
1187
1187
1187
1188
1188
1188
1189
1190
1191
1192
1193
1195
1196
1198
1200
1202
1205
1210
1217
1225
1236
1251
1276
1312
3382
3306
3269
3249
3234
3223
3214
3206
3199
3194
3189
3183
3178
3175
3175
3181
3197
3172
1185
1111
1066
3187
3181
3179
3177
3176
3175
3175
1058
3181
1092
1185
1185
1185
1185
1185
1185
1185
1186
1186
1186
1186
1186
1187
1187
1187
1188
1188
1188
1189
1190
1191
1192
1193
1195
1196
1198
1200
1202
1205
1210
1217
1225
1236
1251
1276
1312
3382
3306
3269
3249
3234
3223
3214
3206
3199
3194
3189
3183
3178
3175
3175
3181
3197
3172
1185
1111
1066
3187
3181
3179
3177
3176
3175
3175
1058
3181
1092
1185
1185
1185
1185
1185
1185
1185
1186
1186
1186
1186
1186
1187
1187
1187
1188
1188
1188
1189
1190
1191
1192
1193
1195
1196
1198
1200
1202
1205
1210
1217
1225
1236
1251
1276
1312
3382
3306
3269
3249
3234
3223
3214
3206
3199
3194
3189
3183
3178
3175
3175
3181
3197
3172
1185
1111
1066
3187
3181
3179
3177
3176
3175
3175
1058
3181
1092
1185
1185
1185
1185
1185
1185
1185
1186
1186
1186
1186
1186
1187
1187
1187
1188
1188
1188
1189
1190
1191
1192
1193
1195
1196
1198
1200
1202
1205
1210
1217
1225
1236
1251
1276
1312
3382
3306
3269
3249
3234
3223
3214
3206
3199
3194
3189
3183
3178
3175
3175
3181
3197
3172
1185
1111
1066
3187
3181
3179
3177
3176
3175
3175
1058
3181
1092
1185
1185
1185
1185
1185
1185
1185
1186
1186
1186
1186
1186
1187
1187
1187
1188
1188
1188
1189
1190
1191
1192
1193
1195
1196
1198
1200
1202
1205
1210
1217
1225
1236
1251
1276
1312
3382
3306
3269
3249
3234
3223
3214
3206
3199
3194
3189
3183
3178
3175
3175
3181
3197
3172
1185
1111
1066
3187
3181
3179
3177
3176
3175
3175
1058
3181
1092
1185
1185
1185
1185
1185
1185
1185
1186
1186
1186
1186
1186
1187
1187
1187
1188
1188
1188
1189
1190
1191
1192
1193
1195
1196
1198
1200
1202
1205
1210
1217
1225
1236
1251
1276
1312
3382
3306
3269
3249
3234
3223
3214
3206
3199
3194
3189
3183
3178
3175
3175
3181
3197
3172
1185
1111
1066
3187
3181
3179
3177
3176
3175
3175
1058
3181
1092
1185
1185
1185
1185
1185
1185
1185
1186
1186
1186
1186
1186
1187
1187
1187
1188
1188
1188
1189
1190
1191
1192
1193
1195
1196
1198
1200
1202
1205
1210
1217
1225
1236
1251
1276
1312
3382
3306
3269
3249
3234
3223
3214
3206
3199
3194
3189
3183
3178
3175
3175
3181
3197
3172
1185
1111
1066
3187
3181
3179
3177
3176
3175
3175
1058
3181
1092
1185
1185
1185
1185
1185
1185
1185
1186
1186
1186
1186
1186
1187
1187
1187
1188
1188
1188
1189
1190
1191
1192
1193
1195
1196
1198
1200
1202
1205
1210
1217
1225
1236
1251
1276
1312
3382
3306
3269
3249
3234
3223
3214
3206
3199
3194
3189
3183
3178
3175
3175
3181
3197
3172
1185
1111
1066
3187
3181
3179
3177
3176
3175
3175
1058
3181
1092
1185
1185
1185
1185
1185
1185
1185
1186
1186
1186
1186
1186
1187
1187
1187
1188
1188
1188
1189
1190
1191
1192
1193
1195
1196
1198
1200
1202
1205
1210
1217
1225
1236
1251
1276
1312
3382
3306
3269
3249
3234
3223
3214
3206
3199
3194
3189
3183
3178
3175
3175
3181
3197
3172
1185
1111
1066
3187
3181
3179
3177
3176
3175
3175
1058
3181
1092
1185
1185
1185
1185
1185
1185
1185
1186
1186
1186
1186
1186
1187
1187
1187
1188
1188
1188
1189
1190
1191
1192
1193
1195
1196
1198
1200
1202
1205
1210
1217
1225
1236
1251
1276
1312
3382
3306
3269
3249
3234
3223
3214
3206
3199
3194
3189
3183
3178
3175
3175
3181
3197
3172
1185
1111
1066
3187
3181
3179
3177
3176
3175
3175
1058
3181
1092
1185
1185
1185
1185
1185
1185
1185
1186
1186
1186
1186
1186
1187
1187
1187
1188
1188
1188
1189
1190
1191
1192
1193
1195
1196
1198
1200
1202
1205
1210
1217
1225
1236
1251
1276
1312
3382
3306
3269
3249
3234
3223
3214
3206
3199
3194
3189
3183
3178
3175
3175
3181
3197
3172
1185
1111
1066
3187
3181
3179
3177
3176
3175
3175
1058
3181
1092
1185
1185
1185
1185
1185
1185
1185
1186
1186
1186
1186
1186
1187
1187
1187
1188
1188
1188
1189
1190
1191
1192
1193
1195
1196
1198
1200
1202
1205
1210
1217
1225
1236
1251
1276
1312
3382
3306
3269
3249
3234
3223
3214
3206
3199
3194
3189
3183
3178
3175
3175
3181
3197
3172
1185
1111
1066
3187
3181
3179
3177
3176
3175
3175
1058
3181
1092
1185
1185
1185
1185
1185
1185
1185
1186
1186
1186
1186
1186
1187
1187
1187
1188
1188
1188
1189
1190
1191
1192
1193
1195
1196
1198
1200
1202
1205
1210
1217
1225
1236
1251
1276
1312
3382
3306
3269
3249
3234
3223
3214
3206
3199
3194
3189
3183
3178
3175
3175
3181
3197
3172
1185
1111
1066
3187
3181
3179
3177
3176
3175
3175
1058
3181
1092
1185
1185
1185
1185
1185
1185
1185
1186
1186
1186
1186
1186
1187
1187
1187
1188
1188
1188
1189
1190
1191
1192
1193
1195
1196
1198
1200
1202
1205
1210
1217
1225
1236
1251
1276
1312
3382
3306
3269
3249
3234
3223
3214
3206
3199
3194
3189
3183
3178
3175
3175
3181
3197
3172
1185
1111
1066
3187
3181
3179
3177
3176
3175
3175
1058
3181
1092
1185
1185
1185
1185
1185
1185
1185
1186
1186
1186
1186
1186
1187
1187
1187
1188
1188
1188
1189
1190
1191
1192
1193
1195
1196
1198
1200
1202
1205
1210
1217
1225
1236
1251
1276
1312
3382
3306
3269
3249
3234
3223
3214
3206
3199
3194
3189
3183
3178
3175
3175
3181
3197
3172
1185
1111
1066
3187
3181
3179
3177
3176
3175
3175
1058
3181
1092
1185
1185
1185
1185
1185
1185
1185
1186
1186
1186
1186
1186
1187
1187
1187
1188
1188
1188
1189
1190
1191
1192
1193
1195
1196
1198
1200
1202
1205
1210
1217
1225
1236
1251
1276
1312
3382
3306
3269
3249
3234
3223
3214
3206
3199
3194
3189
3183
3178
3175
3175
3181
3197
3172
1185
1111
1066
3187
3181
3179
3177
3176
3175
3175
1058
3181
1092
1185
1185
1185
1185
1185
1185
1185
1186
1186
1186
1186
1186
1187
1187
1187
1188
1188
1188
1189
1190
1191
1192
1193
1195
1196
1198
1200
1202
1205
1210
1217
1225
1236
1251
1276
1312
3382
3306
3269
3249
3234
3223
3214
3206
3199
3194
3189
3183
3178
3175
3175
3181
3197
3172
1185
1111
1066
3187
3181
3179
3177
3176
3175
3175
1058
3181
1092
1185
1185
1185
1185
1185
1185
1185
1186
1186
1186
1186
1186
1187
1187
1187
1188
1188
1188
1189
1190
1191
1192
1193
1195
1196
1198
1200
1202
1205
1210
1217
1225
1236
1251
1276
1312
3382
3306
3269
3249
3234
3223
3214
3206
3199
3194
3189
3183
3178
3175
3175
3181
3197
3172
1185
1111
1066
3187
3181
3179
3177
3176
3175
3175
1058
3181
1092
1185
1185
1185
1185
1185
1185
1185
1186
1186
1186
1186
1186
1187
1187
1187
1188
1188
1188
1189
1190
1191
1192
1193
1195
1196
1198
1200
1202
1205
1210
1217
1225
1236
1251
1276
1312
3382
3306
3269
3249
3234
3223
3214
3206
3199
3194
3189
3183
3178
3175
3175
3181
3197
3172
1185
1111
1066
3187
3181
3179
3177
3176
3175
3175
1058
3181
1092
1185
1185
1185
1185
1185
1185
1185
1186
1186
1186
1186
1186
1187
1187
1187
1188
1188
1188
1189
1190
1191
1192
1193
1195
1196
1198
1200
1202
1205
1210
1217
1225
1236
1251
1276
1312
3382
3306
3269
3249
3234
3223
3214
3206
3199
3194
3189
3183
3178
3175
3175
3181
3197
3172
1185
1111
1066
3187
3181
3179
3177
3176
3175
3175
1058
3181
1092
1185
1185
1185
1185
1185
1185
1185
1186
1186
1186
1186
1186
1187
1187
1187
1188
1188
1188
1189
1190
1191
1192
1193
1195
1196
1198
1200
1202
1205
1210
1217
1225
1236
1251
1276
1312
3382
3306
3269
3249
3234
3223
3214
3206
3199
3194
3189
3183
3178
3175
3175
3181
3197
3172
1185
1111
1066
3187
3181
3179
3177
3176
3175
3175
1058
3181
1092
1185
1185
1185
1185
1185
1185
1185
1186
1186
1186
1186
1186
1187
1187
1187
1188
1188
1188
1189
1190
1191
1192
1193
1195
1196
1198
1200
1202
1205
1210
1217
1225
1236
1251
1276
1312
3382
3306
3269
3249
3234
3223
3214
3206
3199
3194
3189
3183
3178
3175
3175
3181
3197
3172
1185
1111
1066
3187
3181
3179
3177
3176
3175
3175
1058
3181
1092
1185
1185
1185
1185
1185
1185
1185
1186
1186
1186
1186
1186
1187
1187
1187
1188
1188
1188
1189
1190
1191
1192
1193
1195
1196
1198
1200
1202
1205
1210
1217
1225
1236
1251
1276
1312
3382
3306
3269
3249
3234
3223
3214
3206
3199
3194
3189
3183
3178
3175
3175
3181
3197
3172
1185
1111
1066
3187
3181
3179
3177
3176
3175
3175
1058
3181
1092
1185
1185
1185
1185
1185
1185
1185
1186
1186
1186
1186
1186
1187
1187
1187
1188
1188
1188
1189
1190
1191
1192
1193
1195
1196
1198
1200
1202
1205
1210
1217
1225
1236
1251
1276
1312
3382
3306
3269
3249
3234
3223
3214
3206
3199
3194
3189
3183
3178
3175
3175
3181
3197
3172
1185
1111
1066
3187
3181
3179
3177
3176
3175
3175
1058
3181
1092
1185
1185
1185
1185
1185
1185
1185
1186
1186
1186
1186
1186
1187
1187
1187
1188
1188
1188
1189
1190
1191
1192
1193
1195
1196
1198
1200
1202
1205
1210
1217
1225
1236
1251
1276
1312
3382
3306
3269
3249
3234
3223
3214
3206
3199
3194
3189
3183
3178
3175
3175
3181
3197
3172
1185
1111
1066
3187
3181
3179
3177
3176
3175
3175
1058
3181
1092
1185
1185
1185
1185
1185
1185
1185
1186
1186
1186
1186
1186
1187
1187
1187
1188
1188
1188
1189
1190
1191
1192
1193
1195
1196
1198
1200
1202
1205
1210
1217
1225
1236
1251
1276
1312
3382
3306
3269
3249
3234
3223
3214
3206
3199
3194
3189
3183
3178
3175
3175
3181
3197
3172
1185
1111
1066
3187
3181
3179
3177
3176
3175
3175
1058
3181
1092
1185
1185
1185
1185
1185
1185
1185
1186
1186
1186
1186
1186
1187
1187
1187
1188
1188
1188
1189
1190
1191
1192
1193
1195
1196
1198
1200
1202
1205
1210
1217
1225
1236
1251
1276
1312
3382
3306
3269
3249
3234
3223
3214
3206
3199
3194
3189
3183
3178
3175
3175
3181
3197
3172
1185
1111
1066
3187
3181
3179
3177
3176
3175
3175
1058
3181
1092
1185
1185
1185
1185
1185
1185
1185
1186
1186
1186
1186
1186
1187
1187
1187
1188
1188
1188
1189
1190
1191
1192
1193
1195
1196
1198
1200
1202
1205
1210
1217
1225
1236
1251
1276
1312
3382
3306
3269
3249
3234
3223
3214
3206
3199
3194
3189
3183
3178
3175
3175
3181
3197
3172
1185
1111
1066
3187
3181
3179
3177
3176
3175
3175
1058
3181
1092
1185
1185
1185
1185
1185
1185
1185
1186
1186
1186
1186
1186
1187
1187
1187
1188
1188
1188
1189
1190
1191
1192
1193
1195
1196
1198
1200
1202
1205
1210
1217
1225
1236
1251
1276
1312
3382
3306
3269
3249
3234
3223
3214
3206
3199
3194
3189
3183
3178
3175
3175
3181
3197
3172
1185
1111
1066
3187
3181
3179
3177
3176
3175
3175
1058
3181
1092
1185
1185
1185
1185
1185
1185
1185
1186
1186
1186
1186
1186
1187
1187
1187
1188
1188
1188
1189
1190
1191
1192
1193
1195
1196
1198
1200
1202
1205
1210
1217
1225
1236
1251
1276
1312
3382
3306
3269
3249
3234
3223
3214
3206
3199
3194
3189
3183
3178
3175
3175
3181
3197
3172
1185
1111
1066
3187
3181
3179
3177
3176
3175
3175
1058
3181
1092
1185
1185
1185
1185
1185
1185
1185
1186
1186
1186
1186
1186
1187
1187
1187
1188
1188
1188
1189
1190
1191
1192
1193
1195
1196
1198
1200
1202
1205
1210
1217
1225
1236
1251
1276
1312
3382
3306
3269
3249
3234
3223
3214
3206
3199
3194
3189
3183
3178
3175
3175
3181
3197
3172
1185
1111
1066
3187
3181
3179
3177
3176
3175
3175
1058
3181
1092
1185
1185
1185
1185
1185
1185
1185
1186
1186
1186
1186
1186
1187
1187
1187
1188
1188
1188
1189
1190
1191
1192
1193
1195
1196
1198
1200
1202
1205
1210
1217
1225
1236
1251
1276
1312
3382
3306
3269
3249
3234
3223
3214
3206
3199
3194
3189
3183
3178
3175
3175
3181
3197
3172
1185
1111
1066
3187
3181
3179
3177
3176
3175
3175
1058
3181
1092
1185
1185
1185
1185
1185
1185
1185
1186
1186
1186
1186
1186
1187
1187
1187
1188
1188
1188
1189
1190
1191
1192
1193
1195
1196
1198
1200
1202
1205
1210
1217
1225
1236
1251
1276
1312
3382
3306
3269
3249
3234
3223
3214
3206
3199
3194
3189
3183
3178
3175
3175
3181
3197
3172
1185
1111
1066
3187
3181
3179
3177
3176
3175
3175
1058
3181
1092
1185
1185
1185
1185
1185
1185
1185
1186
1186
1186
1186
1186
1187
1187
1187
1188
1188
1188
1189
1190
1191
1192
1193
1195
1196
1198
1200
1202
1205
1210
1217
1225
1236
1251
1276
1312
3382
3306
3269
3249
3234
3223
3214
3206
3199
3194
3189
3183
3178
3175
3175
3181
3197
3172
1185
1111
1066
3187
3181
3179
3177
3176
3175
3175
1058
3181
1092
1185
1185
1185
1185
1185
1185
1185
1186
1186
1186
1186
1186
1187
1187
1187
1188
1188
1188
1189
1190
1191
1192
1193
1195
1196
1198
1200
1202
1205
1210
1217
1225
1236
1251
1276
1312
3382
3306
3269
3249
3234
3223
3214
3206
3199
3194
3189
3183
3178
3175
3175
3181
3197
3172
1185
1111
1066
3187
3181
3179
3177
3176
3175
3175
1058
3181
1092
1185
1185
1185
1185
1185
1185
1185
1186
1186
1186
1186
1186
1187
1187
1187
1188
1188
1188
1189
1190
1191
1192
1193
1195
1196
1198
1200
1202
1205
1210
1217
1225
1236
1251
1276
1312
3382
3306
3269
3249
3234
3223
3214
3206
3199
3194
3189
3183
3178
3175
3175
3181
3197
3172
1185
1111
1066
3187
3181
3179
3177
3176
3175
3175
1058
3181
1092
1185
1185
1185
1185
1185
1185
1185
1186
1186
1186
1186
1186
1187
1187
1187
1188
1188
1188
1189
1190
1191
1192
1193
1195
1196
1198
1200
1202
1205
1210
1217
1225
1236
1251
1276
1312
3382
3306
3269
3249
3234
3223
3214
3206
3199
3194
3189
3183
3178
3175
3175
3181
3197
3172
1185
1111
1066
3187
3181
3179
3177
3176
3175
3175
1058
3181
1092
1185
1185
1185
1185
1185
1185
1185
1186
1186
1186
1186
1186
1187
1187
1187
1188
1188
1188
1189
1190
1191
1192
1193
1195
1196
1198
1200
1202
1205
1210
1217
1225
1236
1251
1276
1312
3382
3306
3269
3249
3234
3223
3214
3206
3199
3194
3189
3183
3178
3175
3175
3181
3197
3172
1185
1111
1066
3187
3181
3179
3177
3176
3175
3175
1058
3181
1092
1185
1185
1185
1185
1185
1185
1185
1186
1186
1186
1186
1186
1187
1187
1187
1188
1188
1188
1189
1190
1191
1192
1193
1195
1196
1198
1200
1202
1205
1210
1217
1225
1236
1251
1276
1312
3382
3306
3269
3249
3234
3223
3214
3206
3199
3194
3189
3183
3178
3175
3175
3181
3197
3172
1185
1111
1066
3187
3181
3179
3177
3176
3175
3175
1058
3181
1092
1185
1185
1185
1185
1185
1185
1185
1186
1186
1186
1186
1186
1187
1187
1187
1188
1188
1188
1189
1190
1191
1192
1193
1195
1196
1198
1200
1202
1205
1210
1217
1225
1236
1251
1276
1312
3382
3306
3269
3249
3234
3223
3214
3206
3199
3194
3189
3183
3178
3175
3175
3181
3197
3172
1185
1111
1066
3187
3181
3179
3177
3176
3175
3175
1058
3181
1092
1185
1185
1185
1185
1185
1185
1185
1186
1186
1186
1186
1186
1187
1187
1187
1188
1188
1188
1189
1190
1191
1192
1193
1195
1196
1198
1200
1202
1205
1210
1217
1225
1236
1251
1276
1312
3382
3306
3269
3249
3234
3223
3214
3206
3199
3194
3189
3183
3178
3175
3175
3181
3197
3172
1185
1111
1066
3187
3181
3179
3177
3176
3175
3175
1058
3181
1092
1185
1185
1185
1185
1185
1185
1185
1186
1186
1186
1186
1186
1187
1187
1187
1188
1188
1188
1189
1190
1191
1192
1193
1195
1196
1198
1200
1202
1205
1210
1217
1225
1236
1251
1276
1312
3382
3306
3269
3249
3234
3223
3214
3206
3199
3194
3189
3183
3178
3175
3175
3181
3197
3172
1185
1111
1066
3187
3181
3179
3177
3176
3175
3175
1058
3181
1092
1185
1185
1185
1185
1185
1185
1185
1186
1186
1186
1186
1186
1187
1187
1187
1188
1188
1188
1189
1190
1191
1192
1193
1195
1196
1198
1200
1202
1205
1210
1217
1225
1236
1251
1276
1312
3382
3306
3269
3249
3234
3223
3214
3206
3199
3194
3189
3183
3178
3175
3175
3181
3197
3172
1185
1111
1066
3187
3181
3179
3177
3176
3175
3175
1058
3181
1092
1185
1185
1185
1185
1185
1185
1185
1186
1186
1186
1186
1186
1187
1187
1187
1188
1188
1188
1189
1190
1191
1192
1193
1195
1196
1198
1200
1202
1205
1210
1217
1225
1236
1251
1276
1312
3382
3306
3269
3249
3234
3223
3214
3206
3199
3194
3189
3183
3178
3175
3175
3181
3197
3172
1185
1111
1066
3187
3181
3179
3177
3176
3175
3175
1058
3181
1092
1185
1185
1185
1185
1185
1185
1185
1186
1186
1186
1186
1186
1187
1187
1187
1188
1188
1188
1189
1190
1191
1192
1193
1195
1196
1198
1200
1202
1205
1210
1217
1225
1236
1251
1276
1312
3382
3306
3269
3249
3234
3223
3214
3206
3199
3194
3189
3183
3178
3175
3175
3181
3197
3172
1185
1111
1066
3187
3181
3179
3177
3176
3175
3175
1058
3181
1092
1185
1185
1185
1185
1185
1185
1185
1186
1186
1186
1186
1186
1187
1187
1187
1188
1188
1188
1189
1190
1191
1192
1193
1195
1196
1198
1200
1202
1205
1210
1217
1225
1236
1251
1276
1312
3382
3306
3269
3249
3234
3223
3214
3206
3199
3194
3189
3183
3178
3175
3175
3181
3197
3172
1185
1111
1066
3187
3181
3179
3177
3176
3175
3175
1058
3181
1092
1185
1185
1185
1185
1185
1185
1185
1186
1186
1186
1186
1186
1187
1187
1187
1188
1188
1188
1189
1190
1191
1192
1193
1195
1196
1198
1200
1202
1205
1210
1217
1225
1236
1251
1276
1312
3382
3306
3269
3249
3234
3223
3214
3206
3199
3194
3189
3183
3178
3175
3175
3181
3197
3172
1185
1111
1066
3187
3181
3179
3177
3176
3175
3175
1058
3181
1092
1185
1185
1185
1185
1185
1185
1185
1186
1186
1186
1186
1186
1187
1187
1187
1188
1188
1188
1189
1190
1191
1192
1193
1195
1196
1198
1200
1202
1205
1210
1217
1225
1236
1251
1276
1312
3382
3306
3269
3249
3234
3223
3214
3206
3199
3194
3189
3183
3178
3175
3175
3181
3197
3172
1185
1111
1066
3187
3181
3179
3177
3176
3175
3175
1058
3181
1092
1185
1185
1185
1185
1185
1185
1185
1186
1186
1186
1186
1186
1187
1187
1187
1188
1188
1188
1189
1190
1191
1192
1193
1195
1196
1198
1200
1202
1205
1210
1217
1225
1236
1251
1276
1312
3382
3306
3269
3249
3234
3223
3214
3206
3199
3194
3189
3183
3178
3175
3175
3181
3197
3172
1185
1111
1066
3187
3181
3179
3177
3176
3175
3175
1058
3181
1092
1185
1185
1185
1185
1185
1185
1185
1186
1186
1186
1186
1186
1187
1187
1187
1188
1188
1188
1189
1190
1191
1192
1193
1195
1196
1198
1200
1202
1205
1210
1217
1225
1236
1251
1276
1312
3382
3306
3269
3249
3234
3223
3214
3206
3199
3194
3189
3183
3178
3175
3175
3181
3197
3172
1185
1111
1066
3187
3181
3179
3177
3176
3175
3175
1058
3181
1092
1185
1185
1185
1185
1185
1185
1185
1186
1186
1186
1186
1186
1187
1187
1187
1188
1188
1188
1189
1190
1191
1192
1193
1195
1196
1198
1200
1202
1205
1210
1217
1225
1236
1251
1276
1312
3382
3306
3269
3249
3234
3223
3214
3206
3199
3194
3189
3183
3178
3175
3175
3181
3197
3172
1185
1111
1066
3187
3181
3179
3177
3176
3175
3175
1058
3181
1092
1165
1165
1165
1165
1165
1165
1165
1165
1165
1166
1166
1166
1166
1167
1167
1167
1168
1168
1169
1170
1171
1172
1173
1174
1176
1178
1179
1181
1185
1190
1196
1205
1215
1231
1256
1292
3362
3286
3249
3229
3214
3203
3194
3186
3180
3174
3170
3164
3159
3157
3158
3164
3180
3217
1171
1099
1056
3168
3163
3161
3158
3157
3157
3157
1048
3161
1080
