1129
1129
1129
1129
1129
1129
1130
1130
1130
1130
1130
1131
1131
1131
1131
1132
1132
1132
1133
1134
1135
1136
1137
1138
1140
1142
1143
1145
1148
1154
1160
1168
1179
1194
1219
1254
3324
3247
3210
3189
3174
3162
3152
3143
3135
3129
3122
3114
3105
3096
3089
3083
3077
3072
3068
3064
3058
3120
3112
3108
3103
3100
3097
3096
3058
3116
3050
1129
1129
1129
1129
1129
1129
1130
1130
1130
1130
1130
1131
1131
1131
1131
1132
1132
1132
1133
1134
1135
1136
1137
1138
1140
1142
1143
1145
1148
1154
1160
1168
1179
1194
1219
1254
3324
3247
3210
3189
3174
3162
3152
3143
3135
3129
3122
3114
3105
3096
3089
3083
3077
3072
3068
3064
3058
3120
3112
3108
3103
3100
3097
3096
3058
3116
3050
1129
1129
1129
1129
1129
1129
1130
1130
1130
1130
1130
1131
1131
1131
1131
1132
1132
1132
1133
1134
1135
1136
1137
1138
1140
1142
1143
1145
1148
1154
1160
1168
1179
1194
1219
1254
3324
3247
3210
3189
3174
3162
3152
3143
3135
3129
3122
3114
3105
3096
3089
3083
3077
3072
3068
3064
3058
3120
3112
3108
3103
3100
3097
3096
3058
3116
3050
1129
1129
1129
1129
1129
1129
1130
1130
1130
1130
1130
1131
1131
1131
1131
1132
1132
1132
1133
1134
1135
1136
1137
1138
1140
1142
1143
1145
1148
1154
1160
1168
1179
1194
1219
1254
3324
3247
3210
3189
3174
3162
3152
3143
3135
3129
3122
3114
3105
3096
3089
3083
3077
3072
3068
3064
3058
3120
3112
3108
3103
3100
3097
3096
3058
3116
3050
1129
1129
1129
1129
1129
1129
1130
1130
1130
1130
1130
1131
1131
1131
1131
1132
1132
1132
1133
1134
1135
1136
1137
1138
1140
1142
1143
1145
1148
1154
1160
1168
1179
1194
1219
1254
3324
3247
3210
3189
3174
3162
3152
3143
3135
3129
3122
3114
3105
3096
3089
3083
3077
3072
3068
3064
3058
3120
3112
3108
3103
3100
3097
3096
3058
3116
3050
1129
1129
1129
1129
1129
1129
1130
1130
1130
1130
1130
1131
1131
1131
1131
1132
1132
1132
1133
1134
1135
1136
1137
1138
1140
1142
1143
1145
1148
1154
1160
1168
1179
1194
1219
1254
3324
3247
3210
3189
3174
3162
3152
3143
3135
3129
3122
3114
3105
3096
3089
3083
3077
3072
3068
3064
3058
3120
3112
3108
3103
3100
3097
3096
3058
3116
3050
1129
1129
1129
1129
1129
1129
1130
1130
1130
1130
1130
1131
1131
1131
1131
1132
1132
1132
1133
1134
1135
1136
1137
1138
1140
1142
1143
1145
1148
1154
1160
1168
1179
1194
1219
1254
3324
3247
3210
3189
3174
3162
3152
3143
3135
3129
3122
3114
3105
3096
3089
3083
3077
3072
3068
3064
3058
3120
3112
3108
3103
3100
3097
3096
3058
3116
3050
1129
1129
1129
1129
1129
1129
1130
1130
1130
1130
1130
1131
1131
1131
1131
1132
1132
1132
1133
1134
1135
1136
1137
1138
1140
1142
1143
1145
1148
1154
1160
1168
1179
1194
1219
1254
3324
3247
3210
3189
3174
3162
3152
3143
3135
3129
3122
3114
3105
3096
3089
3083
3077
3072
3068
3064
3058
3120
3112
3108
3103
3100
3097
3096
3058
3116
3050
1129
1129
1129
1129
1129
1129
1130
1130
1130
1130
1130
1131
1131
1131
1131
1132
1132
1132
1133
1134
1135
1136
1137
1138
1140
1142
1143
1145
1148
1154
1160
1168
1179
1194
1219
1254
3324
3247
3210
3189
3174
3162
3152
3143
3135
3129
3122
3114
3105
3096
3089
3083
3077
3072
3068
3064
3058
3120
3112
3108
3103
3100
3097
3096
3058
3116
3050
1129
1129
1129
1129
1129
1129
1130
1130
1130
1130
1130
1131
1131
1131
1131
1132
1132
1132
1133
1134
1135
1136
1137
1138
1140
1142
1143
1145
1148
1154
1160
1168
1179
1194
1219
1254
3324
3247
3210
3189
3174
3162
3152
3143
3135
3129
3122
3114
3105
3096
3089
3083
3077
3072
3068
3064
3058
3120
3112
3108
3103
3100
3097
3096
3058
3116
3050
1129
1129
1129
1129
1129
1129
1130
1130
1130
1130
1130
1131
1131
1131
1131
1132
1132
1132
1133
1134
1135
1136
1137
1138
1140
1142
1143
1145
1148
1154
1160
1168
1179
1194
1219
1254
3324
3247
3210
3189
3174
3162
3152
3143
3135
3129
3122
3114
3105
3096
3089
3083
3077
3072
3068
3064
3058
3120
3112
3108
3103
3100
3097
3096
3058
3116
3050
1129
1129
1129
1129
1129
1129
1130
1130
1130
1130
1130
1131
1131
1131
1131
1132
1132
1132
1133
1134
1135
1136
1137
1138
1140
1142
1143
1145
1148
1154
1160
1168
1179
1194
1219
1254
3324
3247
3210
3189
3174
3162
3152
3143
3135
3129
3122
3114
3105
3096
3089
3083
3077
3072
3068
3064
3058
3120
3112
3108
3103
3100
3097
3096
3058
3116
3050
1129
1129
1129
1129
1129
1129
1130
1130
1130
1130
1130
1131
1131
1131
1131
1132
1132
1132
1133
1134
1135
1136
1137
1138
1140
1142
1143
1145
1148
1154
1160
1168
1179
1194
1219
1254
3324
3247
3210
3189
3174
3162
3152
3143
3135
3129
3122
3114
3105
3096
3089
3083
3077
3072
3068
3064
3058
3120
3112
3108
3103
3100
3097
3096
3058
3116
3050
1129
1129
1129
1129
1129
1129
1130
1130
1130
1130
1130
1131
1131
1131
1131
1132
1132
1132
1133
1134
1135
1136
1137
1138
1140
1142
1143
1145
1148
1154
1160
1168
1179
1194
1219
1254
3324
3247
3210
3189
3174
3162
3152
3143
3135
3129
3122
3114
3105
3096
3089
3083
3077
3072
3068
3064
3058
3120
3112
3108
3103
3100
3097
3096
3058
3116
3050
1129
1129
1129
1129
1129
1129
1130
1130
1130
1130
1130
1131
1131
1131
1131
1132
1132
1132
1133
1134
1135
1136
1137
1138
1140
1142
1143
1145
1148
1154
1160
1168
1179
1194
1219
1254
3324
3247
3210
3189
3174
3162
3152
3143
3135
3129
3122
3114
3105
3096
3089
3083
3077
3072
3068
3064
3058
3120
3112
3108
3103
3100
3097
3096
3058
3116
3050
1129
1129
1129
1129
1129
1129
1130
1130
1130
1130
1130
1131
1131
1131
1131
1132
1132
1132
1133
1134
1135
1136
1137
1138
1140
1142
1143
1145
1148
1154
1160
1168
1179
1194
1219
1254
3324
3247
3210
3189
3174
3162
3152
3143
3135
3129
3122
3114
3105
3096
3089
3083
3077
3072
3068
3064
3058
3120
3112
3108
3103
3100
3097
3096
3058
3116
3050
1129
1129
1129
1129
1129
1129
1130
1130
1130
1130
1130
1131
1131
1131
1131
1132
1132
1132
1133
1134
1135
1136
1137
1138
1140
1142
1143
1145
1148
1154
1160
1168
1179
1194
1219
1254
3324
3247
3210
3189
3174
3162
3152
3143
3135
3129
3122
3114
3105
3096
3089
3083
3077
3072
3068
3064
3058
3120
3112
3108
3103
3100
3097
3096
3058
3116
3050
1129
1129
1129
1129
1129
1129
1130
1130
1130
1130
1130
1131
1131
1131
1131
1132
1132
1132
1133
1134
1135
1136
1137
1138
1140
1142
1143
1145
1148
1154
1160
1168
1179
1194
1219
1254
3324
3247
3210
3189
3174
3162
3152
3143
3135
3129
3122
3114
3105
3096
3089
3083
3077
3072
3068
3064
3058
3120
3112
3108
3103
3100
3097
3096
3058
3116
3050
1129
1129
1129
1129
1129
1129
1130
1130
1130
1130
1130
1131
1131
1131
1131
1132
1132
1132
1133
1134
1135
1136
1137
1138
1140
1142
1143
1145
1148
1154
1160
1168
1179
1194
1219
1254
3324
3247
3210
3189
3174
3162
3152
3143
3135
3129
3122
3114
3105
3096
3089
3083
3077
3072
3068
3064
3058
3120
3112
3108
3103
3100
3097
3096
3058
3116
3050
1129
1129
1129
1129
1129
1129
1130
1130
1130
1130
1130
1131
1131
1131
1131
1132
1132
1132
1133
1134
1135
1136
1137
1138
1140
1142
1143
1145
1148
1154
1160
1168
1179
1194
1219
1254
3324
3247
3210
3189
3174
3162
3152
3143
3135
3129
3122
3114
3105
3096
3089
3083
3077
3072
3068
3064
3058
3120
3112
3108
3103
3100
3097
3096
3058
3116
3050
1129
1129
1129
1129
1129
1129
1130
1130
1130
1130
1130
1131
1131
1131
1131
1132
1132
1132
1133
1134
1135
1136
1137
1138
1140
1142
1143
1145
1148
1154
1160
1168
1179
1194
1219
1254
3324
3247
3210
3189
3174
3162
3152
3143
3135
3129
3122
3114
3105
3096
3089
3083
3077
3072
3068
3064
3058
3120
3112
3108
3103
3100
3097
3096
3058
3116
3050
1129
1129
1129
1129
1129
1129
1130
1130
1130
1130
1130
1131
1131
1131
1131
1132
1132
1132
1133
1134
1135
1136
1137
1138
1140
1142
1143
1145
1148
1154
1160
1168
1179
1194
1219
1254
3324
3247
3210
3189
3174
3162
3152
3143
3135
3129
3122
3114
3105
3096
3089
3083
3077
3072
3068
3064
3058
3120
3112
3108
3103
3100
3097
3096
3058
3116
3050
1129
1129
1129
1129
1129
1129
1130
1130
1130
1130
1130
1131
1131
1131
1131
1132
1132
1132
1133
1134
1135
1136
1137
1138
1140
1142
1143
1145
1148
1154
1160
1168
1179
1194
1219
1254
3324
3247
3210
3189
3174
3162
3152
3143
3135
3129
3122
3114
3105
3096
3089
3083
3077
3072
3068
3064
3058
3120
3112
3108
3103
3100
3097
3096
3058
3116
3050
1129
1129
1129
1129
1129
1129
1130
1130
1130
1130
1130
1131
1131
1131
1131
1132
1132
1132
1133
1134
1135
1136
1137
1138
1140
1142
1143
1145
1148
1154
1160
1168
1179
1194
1219
1254
3324
3247
3210
3189
3174
3162
3152
3143
3135
3129
3122
3114
3105
3096
3089
3083
3077
3072
3068
3064
3058
3120
3112
3108
3103
3100
3097
3096
3058
3116
3050
1129
1129
1129
1129
1129
1129
1130
1130
1130
1130
1130
1131
1131
1131
1131
1132
1132
1132
1133
1134
1135
1136
1137
1138
1140
1142
1143
1145
1148
1154
1160
1168
1179
1194
1219
1254
3324
3247
3210
3189
3174
3162
3152
3143
3135
3129
3122
3114
3105
3096
3089
3083
3077
3072
3068
3064
3058
3120
3112
3108
3103
3100
3097
3096
3058
3116
3050
1129
1129
1129
1129
1129
1129
1130
1130
1130
1130
1130
1131
1131
1131
1131
1132
1132
1132
1133
1134
1135
1136
1137
1138
1140
1142
1143
1145
1148
1154
1160
1168
1179
1194
1219
1254
3324
3247
3210
3189
3174
3162
3152
3143
3135
3129
3122
3114
3105
3096
3089
3083
3077
3072
3068
3064
3058
3120
3112
3108
3103
3100
3097
3096
3058
3116
3050
1129
1129
1129
1129
1129
1129
1130
1130
1130
1130
1130
1131
1131
1131
1131
1132
1132
1132
1133
1134
1135
1136
1137
1138
1140
1142
1143
1145
1148
1154
1160
1168
1179
1194
1219
1254
3324
3247
3210
3189
3174
3162
3152
3143
3135
3129
3122
3114
3105
3096
3089
3083
3077
3072
3068
3064
3058
3120
3112
3108
3103
3100
3097
3096
3058
3116
3050
1129
1129
1129
1129
1129
1129
1130
1130
1130
1130
1130
1131
1131
1131
1131
1132
1132
1132
1133
1134
1135
1136
1137
1138
1140
1142
1143
1145
1148
1154
1160
1168
1179
1194
1219
1254
3324
3247
3210
3189
3174
3162
3152
3143
3135
3129
3122
3114
3105
3096
3089
3083
3077
3072
3068
3064
3058
3120
3112
3108
3103
3100
3097
3096
3058
3116
3050
1129
1129
1129
1129
1129
1129
1130
1130
1130
1130
1130
1131
1131
1131
1131
1132
1132
1132
1133
1134
1135
1136
1137
1138
1140
1142
1143
1145
1148
1154
1160
1168
1179
1194
1219
1254
3324
3247
3210
3189
3174
3162
3152
3143
3135
3129
3122
3114
3105
3096
3089
3083
3077
3072
3068
3064
3058
3120
3112
3108
3103
3100
3097
3096
3058
3116
3050
1129
1129
1129
1129
1129
1129
1130
1130
1130
1130
1130
1131
1131
1131
1131
1132
1132
1132
1133
1134
1135
1136
1137
1138
1140
1142
1143
1145
1148
1154
1160
1168
1179
1194
1219
1254
3324
3247
3210
3189
3174
3162
3152
3143
3135
3129
3122
3114
3105
3096
3089
3083
3077
3072
3068
3064
3058
3120
3112
3108
3103
3100
3097
3096
3058
3116
3050
1129
1129
1129
1129
1129
1129
1130
1130
1130
1130
1130
1131
1131
1131
1131
1132
1132
1132
1133
1134
1135
1136
1137
1138
1140
1142
1143
1145
1148
1154
1160
1168
1179
1194
1219
1254
3324
3247
3210
3189
3174
3162
3152
3143
3135
3129
3122
3114
3105
3096
3089
3083
3077
3072
3068
3064
3058
3120
3112
3108
3103
3100
3097
3096
3058
3116
3050
1129
1129
1129
1129
1129
1129
1130
1130
1130
1130
1130
1131
1131
1131
1131
1132
1132
1132
1133
1134
1135
1136
1137
1138
1140
1142
1143
1145
1148
1154
1160
1168
1179
1194
1219
1254
3324
3247
3210
3189
3174
3162
3152
3143
3135
3129
3122
3114
3105
3096
3089
3083
3077
3072
3068
3064
3058
3120
3112
3108
3103
3100
3097
3096
3058
3116
3050
1129
1129
1129
1129
1129
1129
1130
1130
1130
1130
1130
1131
1131
1131
1131
1132
1132
1132
1133
1134
1135
1136
1137
1138
1140
1142
1143
1145
1148
1154
1160
1168
1179
1194
1219
1254
3324
3247
3210
3189
3174
3162
3152
3143
3135
3129
3122
3114
3105
3096
3089
3083
3077
3072
3068
3064
3058
3120
3112
3108
3103
3100
3097
3096
3058
3116
3050
1129
1129
1129
1129
1129
1129
1130
1130
1130
1130
1130
1131
1131
1131
1131
1132
1132
1132
1133
1134
1135
1136
1137
1138
1140
1142
1143
1145
1148
1154
1160
1168
1179
1194
1219
1254
3324
3247
3210
3189
3174
3162
3152
3143
3135
3129
3122
3114
3105
3096
3089
3083
3077
3072
3068
3064
3058
3120
3112
3108
3103
3100
3097
3096
3058
3116
3050
1129
1129
1129
1129
1129
1129
1130
1130
1130
1130
1130
1131
1131
1131
1131
1132
1132
1132
1133
1134
1135
1136
1137
1138
1140
1142
1143
1145
1148
1154
1160
1168
1179
1194
1219
1254
3324
3247
3210
3189
3174
3162
3152
3143
3135
3129
3122
3114
3105
3096
3089
3083
3077
3072
3068
3064
3058
3120
3112
3108
3103
3100
3097
3096
3058
3116
3050
1129
1129
1129
1129
1129
1129
1130
1130
1130
1130
1130
1131
1131
1131
1131
1132
1132
1132
1133
1134
1135
1136
1137
1138
1140
1142
1143
1145
1148
1154
1160
1168
1179
1194
1219
1254
3324
3247
3210
3189
3174
3162
3152
3143
3135
3129
3122
3114
3105
3096
3089
3083
3077
3072
3068
3064
3058
3120
3112
3108
3103
3100
3097
3096
3058
3116
3050
1129
1129
1129
1129
1129
1129
1130
1130
1130
1130
1130
1131
1131
1131
1131
1132
1132
1132
1133
1134
1135
1136
1137
1138
1140
1142
1143
1145
1148
1154
1160
1168
1179
1194
1219
1254
3324
3247
3210
3189
3174
3162
3152
3143
3135
3129
3122
3114
3105
3096
3089
3083
3077
3072
3068
3064
3058
3120
3112
3108
3103
3100
3097
3096
3058
3116
3050
1129
1129
1129
1129
1129
1129
1130
1130
1130
1130
1130
1131
1131
1131
1131
1132
1132
1132
1133
1134
1135
1136
1137
1138
1140
1142
1143
1145
1148
1154
1160
1168
1179
1194
1219
1254
3324
3247
3210
3189
3174
3162
3152
3143
3135
3129
3122
3114
3105
3096
3089
3083
3077
3072
3068
3064
3058
3120
3112
3108
3103
3100
3097
3096
3058
3116
3050
1129
1129
1129
1129
1129
1129
1130
1130
1130
1130
1130
1131
1131
1131
1131
1132
1132
1132
1133
1134
1135
1136
1137
1138
1140
1142
1143
1145
1148
1154
1160
1168
1179
1194
1219
1254
3324
3247
3210
3189
3174
3162
3152
3143
3135
3129
3122
3114
3105
3096
3089
3083
3077
3072
3068
3064
3058
3120
3112
3108
3103
3100
3097
3096
3058
3116
3050
1129
1129
1129
1129
1129
1129
1130
1130
1130
1130
1130
1131
1131
1131
1131
1132
1132
1132
1133
1134
1135
1136
1137
1138
1140
1142
1143
1145
1148
1154
1160
1168
1179
1194
1219
1254
3324
3247
3210
3189
3174
3162
3152
3143
3135
3129
3122
3114
3105
3096
3089
3083
3077
3072
3068
3064
3058
3120
3112
3108
3103
3100
3097
3096
3058
3116
3050
1129
1129
1129
1129
1129
1129
1130
1130
1130
1130
1130
1131
1131
1131
1131
1132
1132
1132
1133
1134
1135
1136
1137
1138
1140
1142
1143
1145
1148
1154
1160
1168
1179
1194
1219
1254
3324
3247
3210
3189
3174
3162
3152
3143
3135
3129
3122
3114
3105
3096
3089
3083
3077
3072
3068
3064
3058
3120
3112
3108
3103
3100
3097
3096
3058
3116
3050
1129
1129
1129
1129
1129
1129
1130
1130
1130
1130
1130
1131
1131
1131
1131
1132
1132
1132
1133
1134
1135
1136
1137
1138
1140
1142
1143
1145
1148
1154
1160
1168
1179
1194
1219
1254
3324
3247
3210
3189
3174
3162
3152
3143
3135
3129
3122
3114
3105
3096
3089
3083
3077
3072
3068
3064
3058
3120
3112
3108
3103
3100
3097
3096
3058
3116
3050
1129
1129
1129
1129
1129
1129
1130
1130
1130
1130
1130
1131
1131
1131
1131
1132
1132
1132
1133
1134
1135
1136
1137
1138
1140
1142
1143
1145
1148
1154
1160
1168
1179
1194
1219
1254
3324
3247
3210
3189
3174
3162
3152
3143
3135
3129
3122
3114
3105
3096
3089
3083
3077
3072
3068
3064
3058
3120
3112
3108
3103
3100
3097
3096
3058
3116
3050
1129
1129
1129
1129
1129
1129
1130
1130
1130
1130
1130
1131
1131
1131
1131
1132
1132
1132
1133
1134
1135
1136
1137
1138
1140
1142
1143
1145
1148
1154
1160
1168
1179
1194
1219
1254
3324
3247
3210
3189
3174
3162
3152
3143
3135
3129
3122
3114
3105
3096
3089
3083
3077
3072
3068
3064
3058
3120
3112
3108
3103
3100
3097
3096
3058
3116
3050
1129
1129
1129
1129
1129
1129
1130
1130
1130
1130
1130
1131
1131
1131
1131
1132
1132
1132
1133
1134
1135
1136
1137
1138
1140
1142
1143
1145
1148
1154
1160
1168
1179
1194
1219
1254
3324
3247
3210
3189
3174
3162
3152
3143
3135
3129
3122
3114
3105
3096
3089
3083
3077
3072
3068
3064
3058
3120
3112
3108
3103
3100
3097
3096
3058
3116
3050
1129
1129
1129
1129
1129
1129
1130
1130
1130
1130
1130
1131
1131
1131
1131
1132
1132
1132
1133
1134
1135
1136
1137
1138
1140
1142
1143
1145
1148
1154
1160
1168
1179
1194
1219
1254
3324
3247
3210
3189
3174
3162
3152
3143
3135
3129
3122
3114
3105
3096
3089
3083
3077
3072
3068
3064
3058
3120
3112
3108
3103
3100
3097
3096
3058
3116
3050
1129
1129
1129
1129
1129
1129
1130
1130
1130
1130
1130
1131
1131
1131
1131
1132
1132
1132
1133
1134
1135
1136
1137
1138
1140
1142
1143
1145
1148
1154
1160
1168
1179
1194
1219
1254
3324
3247
3210
3189
3174
3162
3152
3143
3135
3129
3122
3114
3105
3096
3089
3083
3077
3072
3068
3064
3058
3120
3112
3108
3103
3100
3097
3096
3058
3116
3050
1129
1129
1129
1129
1129
1129
1130
1130
1130
1130
1130
1131
1131
1131
1131
1132
1132
1132
1133
1134
1135
1136
1137
1138
1140
1142
1143
1145
1148
1154
1160
1168
1179
1194
1219
1254
3324
3247
3210
3189
3174
3162
3152
3143
3135
3129
3122
3114
3105
3096
3089
3083
3077
3072
3068
3064
3058
3120
3112
3108
3103
3100
3097
3096
3058
3116
3050
1129
1129
1129
1129
1129
1129
1130
1130
1130
1130
1130
1131
1131
1131
1131
1132
1132
1132
1133
1134
1135
1136
1137
1138
1140
1142
1143
1145
1148
1154
1160
1168
1179
1194
1219
1254
3324
3247
3210
3189
3174
3162
3152
3143
3135
3129
3122
3114
3105
3096
3089
3083
3077
3072
3068
3064
3058
3120
3112
3108
3103
3100
3097
3096
3058
3116
3050
1129
1129
1129
1129
1129
1129
1130
1130
1130
1130
1130
1131
1131
1131
1131
1132
1132
1132
1133
1134
1135
1136
1137
1138
1140
1142
1143
1145
1148
1154
1160
1168
1179
1194
1219
1254
3324
3247
3210
3189
3174
3162
3152
3143
3135
3129
3122
3114
3105
3096
3089
3083
3077
3072
3068
3064
3058
3120
3112
3108
3103
3100
3097
3096
3058
3116
3050
1129
1129
1129
1129
1129
1129
1130
1130
1130
1130
1130
1131
1131
1131
1131
1132
1132
1132
1133
1134
1135
1136
1137
1138
1140
1142
1143
1145
1148
1154
1160
1168
1179
1194
1219
1254
3324
3247
3210
3189
3174
3162
3152
3143
3135
3129
3122
3114
3105
3096
3089
3083
3077
3072
3068
3064
3058
3120
3112
3108
3103
3100
3097
3096
3058
3116
3050
1129
1129
1129
1129
1129
1129
1130
1130
1130
1130
1130
1131
1131
1131
1131
1132
1132
1132
1133
1134
1135
1136
1137
1138
1140
1142
1143
1145
1148
1154
1160
1168
1179
1194
1219
1254
3324
3247
3210
3189
3174
3162
3152
3143
3135
3129
3122
3114
3105
3096
3089
3083
3077
3072
3068
3064
3058
3120
3112
3108
3103
3100
3097
3096
3058
3116
3050
1129
1129
1129
1129
1129
1129
1130
1130
1130
1130
1130
1131
1131
1131
1131
1132
1132
1132
1133
1134
1135
1136
1137
1138
1140
1142
1143
1145
1148
1154
1160
1168
1179
1194
1219
1254
3324
3247
3210
3189
3174
3162
3152
3143
3135
3129
3122
3114
3105
3096
3089
3083
3077
3072
3068
3064
3058
3120
3112
3108
3103
3100
3097
3096
3058
3116
3050
1129
1129
1129
1129
1129
1129
1130
1130
1130
1130
1130
1131
1131
1131
1131
1132
1132
1132
1133
1134
1135
1136
1137
1138
1140
1142
1143
1145
1148
1154
1160
1168
1179
1194
1219
1254
3324
3247
3210
3189
3174
3162
3152
3143
3135
3129
3122
3114
3105
3096
3089
3083
3077
3072
3068
3064
3058
3120
3112
3108
3103
3100
3097
3096
3058
3116
3050
1129
1129
1129
1129
1129
1129
1130
1130
1130
1130
1130
1131
1131
1131
1131
1132
1132
1132
1133
1134
1135
1136
1137
1138
1140
1142
1143
1145
1148
1154
1160
1168
1179
1194
1219
1254
3324
3247
3210
3189
3174
3162
3152
3143
3135
3129
3122
3114
3105
3096
3089
3083
3077
3072
3068
3064
3058
3120
3112
3108
3103
3100
3097
3096
3058
3116
3050
1129
1129
1129
1129
1129
1129
1130
1130
1130
1130
1130
1131
1131
1131
1131
1132
1132
1132
1133
1134
1135
1136
1137
1138
1140
1142
1143
1145
1148
1154
1160
1168
1179
1194
1219
1254
3324
3247
3210
3189
3174
3162
3152
3143
3135
3129
3122
3114
3105
3096
3089
3083
3077
3072
3068
3064
3058
3120
3112
3108
3103
3100
3097
3096
3058
3116
3050
1129
1129
1129
1129
1129
1129
1130
1130
1130
1130
1130
1131
1131
1131
1131
1132
1132
1132
1133
1134
1135
1136
1137
1138
1140
1142
1143
1145
1148
1154
1160
1168
1179
1194
1219
1254
3324
3247
3210
3189
3174
3162
3152
3143
3135
3129
3122
3114
3105
3096
3089
3083
3077
3072
3068
3064
3058
3120
3112
3108
3103
3100
3097
3096
3058
3116
3050
1129
1129
1129
1129
1129
1129
1130
1130
1130
1130
1130
1131
1131
1131
1131
1132
1132
1132
1133
1134
1135
1136
1137
1138
1140
1142
1143
1145
1148
1154
1160
1168
1179
1194
1219
1254
3324
3247
3210
3189
3174
3162
3152
3143
3135
3129
3122
3114
3105
3096
3089
3083
3077
3072
3068
3064
3058
3120
3112
3108
3103
3100
3097
3096
3058
3116
3050
1129
1129
1129
1129
1129
1129
1130
1130
1130
1130
1130
1131
1131
1131
1131
1132
1132
1132
1133
1134
1135
1136
1137
1138
1140
1142
1143
1145
1148
1154
1160
1168
1179
1194
1219
1254
3324
3247
3210
3189
3174
3162
3152
3143
3135
3129
3122
3114
3105
3096
3089
3083
3077
3072
3068
3064
3058
3120
3112
3108
3103
3100
3097
3096
3058
3116
3050
1129
1129
1129
1129
1129
1129
1130
1130
1130
1130
1130
1131
1131
1131
1131
1132
1132
1132
1133
1134
1135
1136
1137
1138
1140
1142
1143
1145
1148
1154
1160
1168
1179
1194
1219
1254
3324
3247
3210
3189
3174
3162
3152
3143
3135
3129
3122
3114
3105
3096
3089
3083
3077
3072
3068
3064
3058
3120
3112
3108
3103
3100
3097
3096
3058
3116
3050
1129
1129
1129
1129
1129
1129
1130
1130
1130
1130
1130
1131
1131
1131
1131
1132
1132
1132
1133
1134
1135
1136
1137
1138
1140
1142
1143
1145
1148
1154
1160
1168
1179
1194
1219
1254
3324
3247
3210
3189
3174
3162
3152
3143
3135
3129
3122
3114
3105
3096
3089
3083
3077
3072
3068
3064
3058
3120
3112
3108
3103
3100
3097
3096
3058
3116
3050
1129
1129
1129
1129
1129
1129
1130
1130
1130
1130
1130
1131
1131
1131
1131
1132
1132
1132
1133
1134
1135
1136
1137
1138
1140
1142
1143
1145
1148
1154
1160
1168
1179
1194
1219
1254
3324
3247
3210
3189
3174
3162
3152
3143
3135
3129
3122
3114
3105
3096
3089
3083
3077
3072
3068
3064
3058
3120
3112
3108
3103
3100
3097
3096
3058
3116
3050
1129
1129
1129
1129
1129
1129
1130
1130
1130
1130
1130
1131
1131
1131
1131
1132
1132
1132
1133
1134
1135
1136
1137
1138
1140
1142
1143
1145
1148
1154
1160
1168
1179
1194
1219
1254
3324
3247
3210
3189
3174
3162
3152
3143
3135
3129
3122
3114
3105
3096
3089
3083
3077
3072
3068
3064
3058
3120
3112
3108
3103
3100
3097
3096
3058
3116
3050
1117
1117
1117
1117
1117
1117
1117
1118
1118
1118
1118
1118
1119
1119
1119
1120
1120
1120
1121
1122
1123
1124
1125
1126
1128
1129
1131
1133
1136
1141
1148
1156
1166
1181
1206
1240
3312
3235
3198
3177
3162
3150
3139
3131
3123
3116
3110
3102
3092
3083
3076
3069
3063
3058
3053
3049
3043
3108
3099
3095
3090
3087
3084
3083
3042
3103
3035
