3171
3171
3171
3172
3172
3172
3172
3172
3172
3172
3173
3173
3173
3173
3174
3174
3174
3175
3175
3176
3177
3178
3179
3181
3182
3184
3185
3187
3190
3196
3202
3210
3220
3235
3260
3296
1270
1193
1156
1135
1119
1107
1096
1087
1079
1072
1065
1056
1045
1034
1023
1009
982
3012
3088
1059
1031
1063
1053
1049
1043
1039
1035
1033
1027
1059
1039
3171
3171
3171
3172
3172
3172
3172
3172
3172
3172
3173
3173
3173
3173
3174
3174
3174
3175
3175
3176
3177
3178
3179
3181
3182
3184
3185
3187
3190
3196
3202
3210
3220
3235
3260
3296
1270
1193
1156
1135
1119
1107
1096
1087
1079
1072
1065
1056
1045
1034
1023
1009
982
3012
3088
1059
1031
1063
1053
1049
1043
1039
1035
1033
1027
1059
1039
3171
3171
3171
3172
3172
3172
3172
3172
3172
3172
3173
3173
3173
3173
3174
3174
3174
3175
3175
3176
3177
3178
3179
3181
3182
3184
3185
3187
3190
3196
3202
3210
3220
3235
3260
3296
1270
1193
1156
1135
1119
1107
1096
1087
1079
1072
1065
1056
1045
1034
1023
1009
982
3012
3088
1059
1031
1063
1053
1049
1043
1039
1035
1033
1027
1059
1039
3171
3171
3171
3172
3172
3172
3172
3172
3172
3172
3173
3173
3173
3173
3174
3174
3174
3175
3175
3176
3177
3178
3179
3181
3182
3184
3185
3187
3190
3196
3202
3210
3220
3235
3260
3296
1270
1193
1156
1135
1119
1107
1096
1087
1079
1072
1065
1056
1045
1034
1023
1009
982
3012
3088
1059
1031
1063
1053
1049
1043
1039
1035
1033
1027
1059
1039
3171
3171
3171
3172
3172
3172
3172
3172
3172
3172
3173
3173
3173
3173
3174
3174
3174
3175
3175
3176
3177
3178
3179
3181
3182
3184
3185
3187
3190
3196
3202
3210
3220
3235
3260
3296
1270
1193
1156
1135
1119
1107
1096
1087
1079
1072
1065
1056
1045
1034
1023
1009
982
3012
3088
1059
1031
1063
1053
1049
1043
1039
1035
1033
1027
1059
1039
3171
3171
3171
3172
3172
3172
3172
3172
3172
3172
3173
3173
3173
3173
3174
3174
3174
3175
3175
3176
3177
3178
3179
3181
3182
3184
3185
3187
3190
3196
3202
3210
3220
3235
3260
3296
1270
1193
1156
1135
1119
1107
1096
1087
1079
1072
1065
1056
1045
1034
1023
1009
982
3012
3088
1059
1031
1063
1053
1049
1043
1039
1035
1033
1027
1059
1039
3171
3171
3171
3172
3172
3172
3172
3172
3172
3172
3173
3173
3173
3173
3174
3174
3174
3175
3175
3176
3177
3178
3179
3181
3182
3184
3185
3187
3190
3196
3202
3210
3220
3235
3260
3296
1270
1193
1156
1135
1119
1107
1096
1087
1079
1072
1065
1056
1045
1034
1023
1009
982
3012
3088
1059
1031
1063
1053
1049
1043
1039
1035
1033
1027
1059
1039
3171
3171
3171
3172
3172
3172
3172
3172
3172
3172
3173
3173
3173
3173
3174
3174
3174
3175
3175
3176
3177
3178
3179
3181
3182
3184
3185
3187
3190
3196
3202
3210
3220
3235
3260
3296
1270
1193
1156
1135
1119
1107
1096
1087
1079
1072
1065
1056
1045
1034
1023
1009
982
3012
3088
1059
1031
1063
1053
1049
1043
1039
1035
1033
1027
1059
1039
3171
3171
3171
3172
3172
3172
3172
3172
3172
3172
3173
3173
3173
3173
3174
3174
3174
3175
3175
3176
3177
3178
3179
3181
3182
3184
3185
3187
3190
3196
3202
3210
3220
3235
3260
3296
1270
1193
1156
1135
1119
1107
1096
1087
1079
1072
1065
1056
1045
1034
1023
1009
982
3012
3088
1059
1031
1063
1053
1049
1043
1039
1035
1033
1027
1059
1039
3171
3171
3171
3172
3172
3172
3172
3172
3172
3172
3173
3173
3173
3173
3174
3174
3174
3175
3175
3176
3177
3178
3179
3181
3182
3184
3185
3187
3190
3196
3202
3210
3220
3235
3260
3296
1270
1193
1156
1135
1119
1107
1096
1087
1079
1072
1065
1056
1045
1034
1023
1009
982
3012
3088
1059
1031
1063
1053
1049
1043
1039
1035
1033
1027
1059
1039
3171
3171
3171
3172
3172
3172
3172
3172
3172
3172
3173
3173
3173
3173
3174
3174
3174
3175
3175
3176
3177
3178
3179
3181
3182
3184
3185
3187
3190
3196
3202
3210
3220
3235
3260
3296
1270
1193
1156
1135
1119
1107
1096
1087
1079
1072
1065
1056
1045
1034
1023
1009
982
3012
3088
1059
1031
1063
1053
1049
1043
1039
1035
1033
1027
1059
1039
3171
3171
3171
3172
3172
3172
3172
3172
3172
3172
3173
3173
3173
3173
3174
3174
3174
3175
3175
3176
3177
3178
3179
3181
3182
3184
3185
3187
3190
3196
3202
3210
3220
3235
3260
3296
1270
1193
1156
1135
1119
1107
1096
1087
1079
1072
1065
1056
1045
1034
1023
1009
982
3012
3088
1059
1031
1063
1053
1049
1043
1039
1035
1033
1027
1059
1039
3171
3171
3171
3172
3172
3172
3172
3172
3172
3172
3173
3173
3173
3173
3174
3174
3174
3175
3175
3176
3177
3178
3179
3181
3182
3184
3185
3187
3190
3196
3202
3210
3220
3235
3260
3296
1270
1193
1156
1135
1119
1107
1096
1087
1079
1072
1065
1056
1045
1034
1023
1009
982
3012
3088
1059
1031
1063
1053
1049
1043
1039
1035
1033
1027
1059
1039
3171
3171
3171
3172
3172
3172
3172
3172
3172
3172
3173
3173
3173
3173
3174
3174
3174
3175
3175
3176
3177
3178
3179
3181
3182
3184
3185
3187
3190
3196
3202
3210
3220
3235
3260
3296
1270
1193
1156
1135
1119
1107
1096
1087
1079
1072
1065
1056
1045
1034
1023
1009
982
3012
3088
1059
1031
1063
1053
1049
1043
1039
1035
1033
1027
1059
1039
3171
3171
3171
3172
3172
3172
3172
3172
3172
3172
3173
3173
3173
3173
3174
3174
3174
3175
3175
3176
3177
3178
3179
3181
3182
3184
3185
3187
3190
3196
3202
3210
3220
3235
3260
3296
1270
1193
1156
1135
1119
1107
1096
1087
1079
1072
1065
1056
1045
1034
1023
1009
982
3012
3088
1059
1031
1063
1053
1049
1043
1039
1035
1033
1027
1059
1039
3171
3171
3171
3172
3172
3172
3172
3172
3172
3172
3173
3173
3173
3173
3174
3174
3174
3175
3175
3176
3177
3178
3179
3181
3182
3184
3185
3187
3190
3196
3202
3210
3220
3235
3260
3296
1270
1193
1156
1135
1119
1107
1096
1087
1079
1072
1065
1056
1045
1034
1023
1009
982
3012
3088
1059
1031
1063
1053
1049
1043
1039
1035
1033
1027
1059
1039
3171
3171
3171
3172
3172
3172
3172
3172
3172
3172
3173
3173
3173
3173
3174
3174
3174
3175
3175
3176
3177
3178
3179
3181
3182
3184
3185
3187
3190
3196
3202
3210
3220
3235
3260
3296
1270
1193
1156
1135
1119
1107
1096
1087
1079
1072
1065
1056
1045
1034
1023
1009
982
3012
3088
1059
1031
1063
1053
1049
1043
1039
1035
1033
1027
1059
1039
3171
3171
3171
3172
3172
3172
3172
3172
3172
3172
3173
3173
3173
3173
3174
3174
3174
3175
3175
3176
3177
3178
3179
3181
3182
3184
3185
3187
3190
3196
3202
3210
3220
3235
3260
3296
1270
1193
1156
1135
1119
1107
1096
1087
1079
1072
1065
1056
1045
1034
1023
1009
982
3012
3088
1059
1031
1063
1053
1049
1043
1039
1035
1033
1027
1059
1039
3171
3171
3171
3172
3172
3172
3172
3172
3172
3172
3173
3173
3173
3173
3174
3174
3174
3175
3175
3176
3177
3178
3179
3181
3182
3184
3185
3187
3190
3196
3202
3210
3220
3235
3260
3296
1270
1193
1156
1135
1119
1107
1096
1087
1079
1072
1065
1056
1045
1034
1023
1009
982
3012
3088
1059
1031
1063
1053
1049
1043
1039
1035
1033
1027
1059
1039
3171
3171
3171
3172
3172
3172
3172
3172
3172
3172
3173
3173
3173
3173
3174
3174
3174
3175
3175
3176
3177
3178
3179
3181
3182
3184
3185
3187
3190
3196
3202
3210
3220
3235
3260
3296
1270
1193
1156
1135
1119
1107
1096
1087
1079
1072
1065
1056
1045
1034
1023
1009
982
3012
3088
1059
1031
1063
1053
1049
1043
1039
1035
1033
1027
1059
1039
3171
3171
3171
3172
3172
3172
3172
3172
3172
3172
3173
3173
3173
3173
3174
3174
3174
3175
3175
3176
3177
3178
3179
3181
3182
3184
3185
3187
3190
3196
3202
3210
3220
3235
3260
3296
1270
1193
1156
1135
1119
1107
1096
1087
1079
1072
1065
1056
1045
1034
1023
1009
982
3012
3088
1059
1031
1063
1053
1049
1043
1039
1035
1033
1027
1059
1039
3171
3171
3171
3172
3172
3172
3172
3172
3172
3172
3173
3173
3173
3173
3174
3174
3174
3175
3175
3176
3177
3178
3179
3181
3182
3184
3185
3187
3190
3196
3202
3210
3220
3235
3260
3296
1270
1193
1156
1135
1119
1107
1096
1087
1079
1072
1065
1056
1045
1034
1023
1009
982
3012
3088
1059
1031
1063
1053
1049
1043
1039
1035
1033
1027
1059
1039
3171
3171
3171
3172
3172
3172
3172
3172
3172
3172
3173
3173
3173
3173
3174
3174
3174
3175
3175
3176
3177
3178
3179
3181
3182
3184
3185
3187
3190
3196
3202
3210
3220
3235
3260
3296
1270
1193
1156
1135
1119
1107
1096
1087
1079
1072
1065
1056
1045
1034
1023
1009
982
3012
3088
1059
1031
1063
1053
1049
1043
1039
1035
1033
1027
1059
1039
3171
3171
3171
3172
3172
3172
3172
3172
3172
3172
3173
3173
3173
3173
3174
3174
3174
3175
3175
3176
3177
3178
3179
3181
3182
3184
3185
3187
3190
3196
3202
3210
3220
3235
3260
3296
1270
1193
1156
1135
1119
1107
1096
1087
1079
1072
1065
1056
1045
1034
1023
1009
982
3012
3088
1059
1031
1063
1053
1049
1043
1039
1035
1033
1027
1059
1039
3171
3171
3171
3172
3172
3172
3172
3172
3172
3172
3173
3173
3173
3173
3174
3174
3174
3175
3175
3176
3177
3178
3179
3181
3182
3184
3185
3187
3190
3196
3202
3210
3220
3235
3260
3296
1270
1193
1156
1135
1119
1107
1096
1087
1079
1072
1065
1056
1045
1034
1023
1009
982
3012
3088
1059
1031
1063
1053
1049
1043
1039
1035
1033
1027
1059
1039
3171
3171
3171
3172
3172
3172
3172
3172
3172
3172
3173
3173
3173
3173
3174
3174
3174
3175
3175
3176
3177
3178
3179
3181
3182
3184
3185
3187
3190
3196
3202
3210
3220
3235
3260
3296
1270
1193
1156
1135
1119
1107
1096
1087
1079
1072
1065
1056
1045
1034
1023
1009
982
3012
3088
1059
1031
1063
1053
1049
1043
1039
1035
1033
1027
1059
1039
3171
3171
3171
3172
3172
3172
3172
3172
3172
3172
3173
3173
3173
3173
3174
3174
3174
3175
3175
3176
3177
3178
3179
3181
3182
3184
3185
3187
3190
3196
3202
3210
3220
3235
3260
3296
1270
1193
1156
1135
1119
1107
1096
1087
1079
1072
1065
1056
1045
1034
1023
1009
982
3012
3088
1059
1031
1063
1053
1049
1043
1039
1035
1033
1027
1059
1039
3171
3171
3171
3172
3172
3172
3172
3172
3172
3172
3173
3173
3173
3173
3174
3174
3174
3175
3175
3176
3177
3178
3179
3181
3182
3184
3185
3187
3190
3196
3202
3210
3220
3235
3260
3296
1270
1193
1156
1135
1119
1107
1096
1087
1079
1072
1065
1056
1045
1034
1023
1009
982
3012
3088
1059
1031
1063
1053
1049
1043
1039
1035
1033
1027
1059
1039
3171
3171
3171
3172
3172
3172
3172
3172
3172
3172
3173
3173
3173
3173
3174
3174
3174
3175
3175
3176
3177
3178
3179
3181
3182
3184
3185
3187
3190
3196
3202
3210
3220
3235
3260
3296
1270
1193
1156
1135
1119
1107
1096
1087
1079
1072
1065
1056
1045
1034
1023
1009
982
3012
3088
1059
1031
1063
1053
1049
1043
1039
1035
1033
1027
1059
1039
3171
3171
3171
3172
3172
3172
3172
3172
3172
3172
3173
3173
3173
3173
3174
3174
3174
3175
3175
3176
3177
3178
3179
3181
3182
3184
3185
3187
3190
3196
3202
3210
3220
3235
3260
3296
1270
1193
1156
1135
1119
1107
1096
1087
1079
1072
1065
1056
1045
1034
1023
1009
982
3012
3088
1059
1031
1063
1053
1049
1043
1039
1035
1033
1027
1059
1039
3171
3171
3171
3172
3172
3172
3172
3172
3172
3172
3173
3173
3173
3173
3174
3174
3174
3175
3175
3176
3177
3178
3179
3181
3182
3184
3185
3187
3190
3196
3202
3210
3220
3235
3260
3296
1270
1193
1156
1135
1119
1107
1096
1087
1079
1072
1065
1056
1045
1034
1023
1009
982
3012
3088
1059
1031
1063
1053
1049
1043
1039
1035
1033
1027
1059
1039
3171
3171
3171
3172
3172
3172
3172
3172
3172
3172
3173
3173
3173
3173
3174
3174
3174
3175
3175
3176
3177
3178
3179
3181
3182
3184
3185
3187
3190
3196
3202
3210
3220
3235
3260
3296
1270
1193
1156
1135
1119
1107
1096
1087
1079
1072
1065
1056
1045
1034
1023
1009
982
3012
3088
1059
1031
1063
1053
1049
1043
1039
1035
1033
1027
1059
1039
3171
3171
3171
3172
3172
3172
3172
3172
3172
3172
3173
3173
3173
3173
3174
3174
3174
3175
3175
3176
3177
3178
3179
3181
3182
3184
3185
3187
3190
3196
3202
3210
3220
3235
3260
3296
1270
1193
1156
1135
1119
1107
1096
1087
1079
1072
1065
1056
1045
1034
1023
1009
982
3012
3088
1059
1031
1063
1053
1049
1043
1039
1035
1033
1027
1059
1039
3171
3171
3171
3172
3172
3172
3172
3172
3172
3172
3173
3173
3173
3173
3174
3174
3174
3175
3175
3176
3177
3178
3179
3181
3182
3184
3185
3187
3190
3196
3202
3210
3220
3235
3260
3296
1270
1193
1156
1135
1119
1107
1096
1087
1079
1072
1065
1056
1045
1034
1023
1009
982
3012
3088
1059
1031
1063
1053
1049
1043
1039
1035
1033
1027
1059
1039
3171
3171
3171
3172
3172
3172
3172
3172
3172
3172
3173
3173
3173
3173
3174
3174
3174
3175
3175
3176
3177
3178
3179
3181
3182
3184
3185
3187
3190
3196
3202
3210
3220
3235
3260
3296
1270
1193
1156
1135
1119
1107
1096
1087
1079
1072
1065
1056
1045
1034
1023
1009
982
3012
3088
1059
1031
1063
1053
1049
1043
1039
1035
1033
1027
1059
1039
3171
3171
3171
3172
3172
3172
3172
3172
3172
3172
3173
3173
3173
3173
3174
3174
3174
3175
3175
3176
3177
3178
3179
3181
3182
3184
3185
3187
3190
3196
3202
3210
3220
3235
3260
3296
1270
1193
1156
1135
1119
1107
1096
1087
1079
1072
1065
1056
1045
1034
1023
1009
982
3012
3088
1059
1031
1063
1053
1049
1043
1039
1035
1033
1027
1059
1039
3171
3171
3171
3172
3172
3172
3172
3172
3172
3172
3173
3173
3173
3173
3174
3174
3174
3175
3175
3176
3177
3178
3179
3181
3182
3184
3185
3187
3190
3196
3202
3210
3220
3235
3260
3296
1270
1193
1156
1135
1119
1107
1096
1087
1079
1072
1065
1056
1045
1034
1023
1009
982
3012
3088
1059
1031
1063
1053
1049
1043
1039
1035
1033
1027
1059
1039
3171
3171
3171
3172
3172
3172
3172
3172
3172
3172
3173
3173
3173
3173
3174
3174
3174
3175
3175
3176
3177
3178
3179
3181
3182
3184
3185
3187
3190
3196
3202
3210
3220
3235
3260
3296
1270
1193
1156
1135
1119
1107
1096
1087
1079
1072
1065
1056
1045
1034
1023
1009
982
3012
3088
1059
1031
1063
1053
1049
1043
1039
1035
1033
1027
1059
1039
3171
3171
3171
3172
3172
3172
3172
3172
3172
3172
3173
3173
3173
3173
3174
3174
3174
3175
3175
3176
3177
3178
3179
3181
3182
3184
3185
3187
3190
3196
3202
3210
3220
3235
3260
3296
1270
1193
1156
1135
1119
1107
1096
1087
1079
1072
1065
1056
1045
1034
1023
1009
982
3012
3088
1059
1031
1063
1053
1049
1043
1039
1035
1033
1027
1059
1039
3171
3171
3171
3172
3172
3172
3172
3172
3172
3172
3173
3173
3173
3173
3174
3174
3174
3175
3175
3176
3177
3178
3179
3181
3182
3184
3185
3187
3190
3196
3202
3210
3220
3235
3260
3296
1270
1193
1156
1135
1119
1107
1096
1087
1079
1072
1065
1056
1045
1034
1023
1009
982
3012
3088
1059
1031
1063
1053
1049
1043
1039
1035
1033
1027
1059
1039
3171
3171
3171
3172
3172
3172
3172
3172
3172
3172
3173
3173
3173
3173
3174
3174
3174
3175
3175
3176
3177
3178
3179
3181
3182
3184
3185
3187
3190
3196
3202
3210
3220
3235
3260
3296
1270
1193
1156
1135
1119
1107
1096
1087
1079
1072
1065
1056
1045
1034
1023
1009
982
3012
3088
1059
1031
1063
1053
1049
1043
1039
1035
1033
1027
1059
1039
3171
3171
3171
3172
3172
3172
3172
3172
3172
3172
3173
3173
3173
3173
3174
3174
3174
3175
3175
3176
3177
3178
3179
3181
3182
3184
3185
3187
3190
3196
3202
3210
3220
3235
3260
3296
1270
1193
1156
1135
1119
1107
1096
1087
1079
1072
1065
1056
1045
1034
1023
1009
982
3012
3088
1059
1031
1063
1053
1049
1043
1039
1035
1033
1027
1059
1039
3171
3171
3171
3172
3172
3172
3172
3172
3172
3172
3173
3173
3173
3173
3174
3174
3174
3175
3175
3176
3177
3178
3179
3181
3182
3184
3185
3187
3190
3196
3202
3210
3220
3235
3260
3296
1270
1193
1156
1135
1119
1107
1096
1087
1079
1072
1065
1056
1045
1034
1023
1009
982
3012
3088
1059
1031
1063
1053
1049
1043
1039
1035
1033
1027
1059
1039
3171
3171
3171
3172
3172
3172
3172
3172
3172
3172
3173
3173
3173
3173
3174
3174
3174
3175
3175
3176
3177
3178
3179
3181
3182
3184
3185
3187
3190
3196
3202
3210
3220
3235
3260
3296
1270
1193
1156
1135
1119
1107
1096
1087
1079
1072
1065
1056
1045
1034
1023
1009
982
3012
3088
1059
1031
1063
1053
1049
1043
1039
1035
1033
1027
1059
1039
3171
3171
3171
3172
3172
3172
3172
3172
3172
3172
3173
3173
3173
3173
3174
3174
3174
3175
3175
3176
3177
3178
3179
3181
3182
3184
3185
3187
3190
3196
3202
3210
3220
3235
3260
3296
1270
1193
1156
1135
1119
1107
1096
1087
1079
1072
1065
1056
1045
1034
1023
1009
982
3012
3088
1059
1031
1063
1053
1049
1043
1039
1035
1033
1027
1059
1039
3171
3171
3171
3172
3172
3172
3172
3172
3172
3172
3173
3173
3173
3173
3174
3174
3174
3175
3175
3176
3177
3178
3179
3181
3182
3184
3185
3187
3190
3196
3202
3210
3220
3235
3260
3296
1270
1193
1156
1135
1119
1107
1096
1087
1079
1072
1065
1056
1045
1034
1023
1009
982
3012
3088
1059
1031
1063
1053
1049
1043
1039
1035
1033
1027
1059
1039
3171
3171
3171
3172
3172
3172
3172
3172
3172
3172
3173
3173
3173
3173
3174
3174
3174
3175
3175
3176
3177
3178
3179
3181
3182
3184
3185
3187
3190
3196
3202
3210
3220
3235
3260
3296
1270
1193
1156
1135
1119
1107
1096
1087
1079
1072
1065
1056
1045
1034
1023
1009
982
3012
3088
1059
1031
1063
1053
1049
1043
1039
1035
1033
1027
1059
1039
3171
3171
3171
3172
3172
3172
3172
3172
3172
3172
3173
3173
3173
3173
3174
3174
3174
3175
3175
3176
3177
3178
3179
3181
3182
3184
3185
3187
3190
3196
3202
3210
3220
3235
3260
3296
1270
1193
1156
1135
1119
1107
1096
1087
1079
1072
1065
1056
1045
1034
1023
1009
982
3012
3088
1059
1031
1063
1053
1049
1043
1039
1035
1033
1027
1059
1039
3171
3171
3171
3172
3172
3172
3172
3172
3172
3172
3173
3173
3173
3173
3174
3174
3174
3175
3175
3176
3177
3178
3179
3181
3182
3184
3185
3187
3190
3196
3202
3210
3220
3235
3260
3296
1270
1193
1156
1135
1119
1107
1096
1087
1079
1072
1065
1056
1045
1034
1023
1009
982
3012
3088
1059
1031
1063
1053
1049
1043
1039
1035
1033
1027
1059
1039
3171
3171
3171
3172
3172
3172
3172
3172
3172
3172
3173
3173
3173
3173
3174
3174
3174
3175
3175
3176
3177
3178
3179
3181
3182
3184
3185
3187
3190
3196
3202
3210
3220
3235
3260
3296
1270
1193
1156
1135
1119
1107
1096
1087
1079
1072
1065
1056
1045
1034
1023
1009
982
3012
3088
1059
1031
1063
1053
1049
1043
1039
1035
1033
1027
1059
1039
3171
3171
3171
3172
3172
3172
3172
3172
3172
3172
3173
3173
3173
3173
3174
3174
3174
3175
3175
3176
3177
3178
3179
3181
3182
3184
3185
3187
3190
3196
3202
3210
3220
3235
3260
3296
1270
1193
1156
1135
1119
1107
1096
1087
1079
1072
1065
1056
1045
1034
1023
1009
982
3012
3088
1059
1031
1063
1053
1049
1043
1039
1035
1033
1027
1059
1039
3171
3171
3171
3172
3172
3172
3172
3172
3172
3172
3173
3173
3173
3173
3174
3174
3174
3175
3175
3176
3177
3178
3179
3181
3182
3184
3185
3187
3190
3196
3202
3210
3220
3235
3260
3296
1270
1193
1156
1135
1119
1107
1096
1087
1079
1072
1065
1056
1045
1034
1023
1009
982
3012
3088
1059
1031
1063
1053
1049
1043
1039
1035
1033
1027
1059
1039
3171
3171
3171
3172
3172
3172
3172
3172
3172
3172
3173
3173
3173
3173
3174
3174
3174
3175
3175
3176
3177
3178
3179
3181
3182
3184
3185
3187
3190
3196
3202
3210
3220
3235
3260
3296
1270
1193
1156
1135
1119
1107
1096
1087
1079
1072
1065
1056
1045
1034
1023
1009
982
3012
3088
1059
1031
1063
1053
1049
1043
1039
1035
1033
1027
1059
1039
3171
3171
3171
3172
3172
3172
3172
3172
3172
3172
3173
3173
3173
3173
3174
3174
3174
3175
3175
3176
3177
3178
3179
3181
3182
3184
3185
3187
3190
3196
3202
3210
3220
3235
3260
3296
1270
1193
1156
1135
1119
1107
1096
1087
1079
1072
1065
1056
1045
1034
1023
1009
982
3012
3088
1059
1031
1063
1053
1049
1043
1039
1035
1033
1027
1059
1039
3171
3171
3171
3172
3172
3172
3172
3172
3172
3172
3173
3173
3173
3173
3174
3174
3174
3175
3175
3176
3177
3178
3179
3181
3182
3184
3185
3187
3190
3196
3202
3210
3220
3235
3260
3296
1270
1193
1156
1135
1119
1107
1096
1087
1079
1072
1065
1056
1045
1034
1023
1009
982
3012
3088
1059
1031
1063
1053
1049
1043
1039
1035
1033
1027
1059
1039
3171
3171
3171
3172
3172
3172
3172
3172
3172
3172
3173
3173
3173
3173
3174
3174
3174
3175
3175
3176
3177
3178
3179
3181
3182
3184
3185
3187
3190
3196
3202
3210
3220
3235
3260
3296
1270
1193
1156
1135
1119
1107
1096
1087
1079
1072
1065
1056
1045
1034
1023
1009
982
3012
3088
1059
1031
1063
1053
1049
1043
1039
1035
1033
1027
1059
1039
3171
3171
3171
3172
3172
3172
3172
3172
3172
3172
3173
3173
3173
3173
3174
3174
3174
3175
3175
3176
3177
3178
3179
3181
3182
3184
3185
3187
3190
3196
3202
3210
3220
3235
3260
3296
1270
1193
1156
1135
1119
1107
1096
1087
1079
1072
1065
1056
1045
1034
1023
1009
982
3012
3088
1059
1031
1063
1053
1049
1043
1039
1035
1033
1027
1059
1039
3171
3171
3171
3172
3172
3172
3172
3172
3172
3172
3173
3173
3173
3173
3174
3174
3174
3175
3175
3176
3177
3178
3179
3181
3182
3184
3185
3187
3190
3196
3202
3210
3220
3235
3260
3296
1270
1193
1156
1135
1119
1107
1096
1087
1079
1072
1065
1056
1045
1034
1023
1009
982
3012
3088
1059
1031
1063
1053
1049
1043
1039
1035
1033
1027
1059
1039
3171
3171
3171
3172
3172
3172
3172
3172
3172
3172
3173
3173
3173
3173
3174
3174
3174
3175
3175
3176
3177
3178
3179
3181
3182
3184
3185
3187
3190
3196
3202
3210
3220
3235
3260
3296
1270
1193
1156
1135
1119
1107
1096
1087
1079
1072
1065
1056
1045
1034
1023
1009
982
3012
3088
1059
1031
1063
1053
1049
1043
1039
1035
1033
1027
1059
1039
3171
3171
3171
3172
3172
3172
3172
3172
3172
3172
3173
3173
3173
3173
3174
3174
3174
3175
3175
3176
3177
3178
3179
3181
3182
3184
3185
3187
3190
3196
3202
3210
3220
3235
3260
3296
1270
1193
1156
1135
1119
1107
1096
1087
1079
1072
1065
1056
1045
1034
1023
1009
982
3012
3088
1059
1031
1063
1053
1049
1043
1039
1035
1033
1027
1059
1039
3171
3171
3171
3172
3172
3172
3172
3172
3172
3172
3173
3173
3173
3173
3174
3174
3174
3175
3175
3176
3177
3178
3179
3181
3182
3184
3185
3187
3190
3196
3202
3210
3220
3235
3260
3296
1270
1193
1156
1135
1119
1107
1096
1087
1079
1072
1065
1056
1045
1034
1023
1009
982
3012
3088
1059
1031
1063
1053
1049
1043
1039
1035
1033
1027
1059
1039
3171
3171
3171
3172
3172
3172
3172
3172
3172
3172
3173
3173
3173
3173
3174
3174
3174
3175
3175
3176
3177
3178
3179
3181
3182
3184
3185
3187
3190
3196
3202
3210
3220
3235
3260
3296
1270
1193
1156
1135
1119
1107
1096
1087
1079
1072
1065
1056
1045
1034
1023
1009
982
3012
3088
1059
1031
1063
1053
1049
1043
1039
1035
1033
1027
1059
1039
3171
3171
3171
3172
3172
3172
3172
3172
3172
3172
3173
3173
3173
3173
3174
3174
3174
3175
3175
3176
3177
3178
3179
3181
3182
3184
3185
3187
3190
3196
3202
3210
3220
3235
3260
3296
1270
1193
1156
1135
1119
1107
1096
1087
1079
1072
1065
1056
1045
1034
1023
1009
982
3012
3088
1059
1031
1063
1053
1049
1043
1039
1035
1033
1027
1059
1039
3127
3127
3127
3128
3127
3128
3128
3128
3128
3128
3128
3129
3129
3129
3129
3130
3130
3130
3131
3132
3132
3133
3135
3136
3137
3138
3140
3142
3145
3149
3155
3163
3173
3187
3212
3223
1226
1142
1102
1079
1060
1044
1029
1014
998
979
953
824
3005
3039
3061
3082
3106
3143
1046
1110
1065
940
2935
2982
3013
3024
3035
3040
1060
967
1087
