2629
2697
709
711
682
661
725
746
752
757
737
733
740
755
765
763
764
764
768
770
769
771
784
785
782
793
801
801
800
807
813
813
820
824
827
831
832
838
842
849
852
858
862
867
872
876
880
887
896
906
915
926
937
950
964
981
1020
882
889
893
897
901
904
906
1021
862
969
2629
2697
709
711
682
661
725
746
752
757
737
733
740
755
765
763
764
764
768
770
769
771
784
785
782
793
801
801
800
807
813
813
820
824
827
831
832
838
842
849
852
858
862
867
872
876
880
887
896
906
915
926
937
950
964
981
1020
882
889
893
897
901
904
906
1021
862
969
2629
2697
709
711
682
661
725
746
752
757
737
733
740
755
765
763
764
764
768
770
769
771
784
785
782
793
801
801
800
807
813
813
820
824
827
831
832
838
842
849
852
858
862
867
872
876
880
887
896
906
915
926
937
950
964
981
1020
882
889
893
897
901
904
906
1021
862
969
2629
2697
709
711
682
661
725
746
752
757
737
733
740
755
765
763
764
764
768
770
769
771
784
785
782
793
801
801
800
807
813
813
820
824
827
831
832
838
842
849
852
858
862
867
872
876
880
887
896
906
915
926
937
950
964
981
1020
882
889
893
897
901
904
906
1021
862
969
2629
2697
709
711
682
661
725
746
752
757
737
733
740
755
765
763
764
764
768
770
769
771
784
785
782
793
801
801
800
807
813
813
820
824
827
831
832
838
842
849
852
858
862
867
872
876
880
887
896
906
915
926
937
950
964
981
1020
882
889
893
897
901
904
906
1021
862
969
2629
2697
709
711
682
661
725
746
752
757
737
733
740
755
765
763
764
764
768
770
769
771
784
785
782
793
801
801
800
807
813
813
820
824
827
831
832
838
842
849
852
858
862
867
872
876
880
887
896
906
915
926
937
950
964
981
1020
882
889
893
897
901
904
906
1021
862
969
2629
2697
709
711
682
661
725
746
752
757
737
733
740
755
765
763
764
764
768
770
769
771
784
785
782
793
801
801
800
807
813
813
820
824
827
831
832
838
842
849
852
858
862
867
872
876
880
887
896
906
915
926
937
950
964
981
1020
882
889
893
897
901
904
906
1021
862
969
2629
2697
709
711
682
661
725
746
752
757
737
733
740
755
765
763
764
764
768
770
769
771
784
785
782
793
801
801
800
807
813
813
820
824
827
831
832
838
842
849
852
858
862
867
872
876
880
887
896
906
915
926
937
950
964
981
1020
882
889
893
897
901
904
906
1021
862
969
2629
2697
709
711
682
661
725
746
752
757
737
733
740
755
765
763
764
764
768
770
769
771
784
785
782
793
801
801
800
807
813
813
820
824
827
831
832
838
842
849
852
858
862
867
872
876
880
887
896
906
915
926
937
950
964
981
1020
882
889
893
897
901
904
906
1021
862
969
2629
2697
709
711
682
661
725
746
752
757
737
733
740
755
765
763
764
764
768
770
769
771
784
785
782
793
801
801
800
807
813
813
820
824
827
831
832
838
842
849
852
858
862
867
872
876
880
887
896
906
915
926
937
950
964
981
1020
882
889
893
897
901
904
906
1021
862
969
2629
2697
709
711
682
661
725
746
752
757
737
733
740
755
765
763
764
764
768
770
769
771
784
785
782
793
801
801
800
807
813
813
820
824
827
831
832
838
842
849
852
858
862
867
872
876
880
887
896
906
915
926
937
950
964
981
1020
882
889
893
897
901
904
906
1021
862
969
2629
2697
709
711
682
661
725
746
752
757
737
733
740
755
765
763
764
764
768
770
769
771
784
785
782
793
801
801
800
807
813
813
820
824
827
831
832
838
842
849
852
858
862
867
872
876
880
887
896
906
915
926
937
950
964
981
1020
882
889
893
897
901
904
906
1021
862
969
2629
2697
709
711
682
661
725
746
752
757
737
733
740
755
765
763
764
764
768
770
769
771
784
785
782
793
801
801
800
807
813
813
820
824
827
831
832
838
842
849
852
858
862
867
872
876
880
887
896
906
915
926
937
950
964
981
1020
882
889
893
897
901
904
906
1021
862
969
2629
2697
709
711
682
661
725
746
752
757
737
733
740
755
765
763
764
764
768
770
769
771
784
785
782
793
801
801
800
807
813
813
820
824
827
831
832
838
842
849
852
858
862
867
872
876
880
887
896
906
915
926
937
950
964
981
1020
882
889
893
897
901
904
906
1021
862
969
2629
2697
709
711
682
661
725
746
752
757
737
733
740
755
765
763
764
764
768
770
769
771
784
785
782
793
801
801
800
807
813
813
820
824
827
831
832
838
842
849
852
858
862
867
872
876
880
887
896
906
915
926
937
950
964
981
1020
882
889
893
897
901
904
906
1021
862
969
2629
2697
709
711
682
661
725
746
752
757
737
733
740
755
765
763
764
764
768
770
769
771
784
785
782
793
801
801
800
807
813
813
820
824
827
831
832
838
842
849
852
858
862
867
872
876
880
887
896
906
915
926
937
950
964
981
1020
882
889
893
897
901
904
906
1021
862
969
2629
2697
709
711
682
661
725
746
752
757
737
733
740
755
765
763
764
764
768
770
769
771
784
785
782
793
801
801
800
807
813
813
820
824
827
831
832
838
842
849
852
858
862
867
872
876
880
887
896
906
915
926
937
950
964
981
1020
882
889
893
897
901
904
906
1021
862
969
2629
2697
709
711
682
661
725
746
752
757
737
733
740
755
765
763
764
764
768
770
769
771
784
785
782
793
801
801
800
807
813
813
820
824
827
831
832
838
842
849
852
858
862
867
872
876
880
887
896
906
915
926
937
950
964
981
1020
882
889
893
897
901
904
906
1021
862
969
2629
2697
709
711
682
661
725
746
752
757
737
733
740
755
765
763
764
764
768
770
769
771
784
785
782
793
801
801
800
807
813
813
820
824
827
831
832
838
842
849
852
858
862
867
872
876
880
887
896
906
915
926
937
950
964
981
1020
882
889
893
897
901
904
906
1021
862
969
2629
2697
709
711
682
661
725
746
752
757
737
733
740
755
765
763
764
764
768
770
769
771
784
785
782
793
801
801
800
807
813
813
820
824
827
831
832
838
842
849
852
858
862
867
872
876
880
887
896
906
915
926
937
950
964
981
1020
882
889
893
897
901
904
906
1021
862
969
2629
2697
709
711
682
661
725
746
752
757
737
733
740
755
765
763
764
764
768
770
769
771
784
785
782
793
801
801
800
807
813
813
820
824
827
831
832
838
842
849
852
858
862
867
872
876
880
887
896
906
915
926
937
950
964
981
1020
882
889
893
897
901
904
906
1021
862
969
2629
2697
709
711
682
661
725
746
752
757
737
733
740
755
765
763
764
764
768
770
769
771
784
785
782
793
801
801
800
807
813
813
820
824
827
831
832
838
842
849
852
858
862
867
872
876
880
887
896
906
915
926
937
950
964
981
1020
882
889
893
897
901
904
906
1021
862
969
2629
2697
709
711
682
661
725
746
752
757
737
733
740
755
765
763
764
764
768
770
769
771
784
785
782
793
801
801
800
807
813
813
820
824
827
831
832
838
842
849
852
858
862
867
872
876
880
887
896
906
915
926
937
950
964
981
1020
882
889
893
897
901
904
906
1021
862
969
2629
2697
709
711
682
661
725
746
752
757
737
733
740
755
765
763
764
764
768
770
769
771
784
785
782
793
801
801
800
807
813
813
820
824
827
831
832
838
842
849
852
858
862
867
872
876
880
887
896
906
915
926
937
950
964
981
1020
882
889
893
897
901
904
906
1021
862
969
2629
2697
709
711
682
661
725
746
752
757
737
733
740
755
765
763
764
764
768
770
769
771
784
785
782
793
801
801
800
807
813
813
820
824
827
831
832
838
842
849
852
858
862
867
872
876
880
887
896
906
915
926
937
950
964
981
1020
882
889
893
897
901
904
906
1021
862
969
2629
2697
709
711
682
661
725
746
752
757
737
733
740
755
765
763
764
764
768
770
769
771
784
785
782
793
801
801
800
807
813
813
820
824
827
831
832
838
842
849
852
858
862
867
872
876
880
887
896
906
915
926
937
950
964
981
1020
882
889
893
897
901
904
906
1021
862
969
2629
2697
709
711
682
661
725
746
752
757
737
733
740
755
765
763
764
764
768
770
769
771
784
785
782
793
801
801
800
807
813
813
820
824
827
831
832
838
842
849
852
858
862
867
872
876
880
887
896
906
915
926
937
950
964
981
1020
882
889
893
897
901
904
906
1021
862
969
2629
2697
709
711
682
661
725
746
752
757
737
733
740
755
765
763
764
764
768
770
769
771
784
785
782
793
801
801
800
807
813
813
820
824
827
831
832
838
842
849
852
858
862
867
872
876
880
887
896
906
915
926
937
950
964
981
1020
882
889
893
897
901
904
906
1021
862
969
2629
2697
709
711
682
661
725
746
752
757
737
733
740
755
765
763
764
764
768
770
769
771
784
785
782
793
801
801
800
807
813
813
820
824
827
831
832
838
842
849
852
858
862
867
872
876
880
887
896
906
915
926
937
950
964
981
1020
882
889
893
897
901
904
906
1021
862
969
2629
2697
709
711
682
661
725
746
752
757
737
733
740
755
765
763
764
764
768
770
769
771
784
785
782
793
801
801
800
807
813
813
820
824
827
831
832
838
842
849
852
858
862
867
872
876
880
887
896
906
915
926
937
950
964
981
1020
882
889
893
897
901
904
906
1021
862
969
2629
2697
709
711
682
661
725
746
752
757
737
733
740
755
765
763
764
764
768
770
769
771
784
785
782
793
801
801
800
807
813
813
820
824
827
831
832
838
842
849
852
858
862
867
872
876
880
887
896
906
915
926
937
950
964
981
1020
882
889
893
897
901
904
906
1021
862
969
2629
2697
709
711
682
661
725
746
752
757
737
733
740
755
765
763
764
764
768
770
769
771
784
785
782
793
801
801
800
807
813
813
820
824
827
831
832
838
842
849
852
858
862
867
872
876
880
887
896
906
915
926
937
950
964
981
1020
882
889
893
897
901
904
906
1021
862
969
2629
2697
709
711
682
661
725
746
752
757
737
733
740
755
765
763
764
764
768
770
769
771
784
785
782
793
801
801
800
807
813
813
820
824
827
831
832
838
842
849
852
858
862
867
872
876
880
887
896
906
915
926
937
950
964
981
1020
882
889
893
897
901
904
906
1021
862
969
2629
2697
709
711
682
661
725
746
752
757
737
733
740
755
765
763
764
764
768
770
769
771
784
785
782
793
801
801
800
807
813
813
820
824
827
831
832
838
842
849
852
858
862
867
872
876
880
887
896
906
915
926
937
950
964
981
1020
882
889
893
897
901
904
906
1021
862
969
2629
2697
709
711
682
661
725
746
752
757
737
733
740
755
765
763
764
764
768
770
769
771
784
785
782
793
801
801
800
807
813
813
820
824
827
831
832
838
842
849
852
858
862
867
872
876
880
887
896
906
915
926
937
950
964
981
1020
882
889
893
897
901
904
906
1021
862
969
2629
2697
709
711
682
661
725
746
752
757
737
733
740
755
765
763
764
764
768
770
769
771
784
785
782
793
801
801
800
807
813
813
820
824
827
831
832
838
842
849
852
858
862
867
872
876
880
887
896
906
915
926
937
950
964
981
1020
882
889
893
897
901
904
906
1021
862
969
2629
2697
709
711
682
661
725
746
752
757
737
733
740
755
765
763
764
764
768
770
769
771
784
785
782
793
801
801
800
807
813
813
820
824
827
831
832
838
842
849
852
858
862
867
872
876
880
887
896
906
915
926
937
950
964
981
1020
882
889
893
897
901
904
906
1021
862
969
2629
2697
709
711
682
661
725
746
752
757
737
733
740
755
765
763
764
764
768
770
769
771
784
785
782
793
801
801
800
807
813
813
820
824
827
831
832
838
842
849
852
858
862
867
872
876
880
887
896
906
915
926
937
950
964
981
1020
882
889
893
897
901
904
906
1021
862
969
2629
2697
709
711
682
661
725
746
752
757
737
733
740
755
765
763
764
764
768
770
769
771
784
785
782
793
801
801
800
807
813
813
820
824
827
831
832
838
842
849
852
858
862
867
872
876
880
887
896
906
915
926
937
950
964
981
1020
882
889
893
897
901
904
906
1021
862
969
2629
2697
709
711
682
661
725
746
752
757
737
733
740
755
765
763
764
764
768
770
769
771
784
785
782
793
801
801
800
807
813
813
820
824
827
831
832
838
842
849
852
858
862
867
872
876
880
887
896
906
915
926
937
950
964
981
1020
882
889
893
897
901
904
906
1021
862
969
2629
2697
709
711
682
661
725
746
752
757
737
733
740
755
765
763
764
764
768
770
769
771
784
785
782
793
801
801
800
807
813
813
820
824
827
831
832
838
842
849
852
858
862
867
872
876
880
887
896
906
915
926
937
950
964
981
1020
882
889
893
897
901
904
906
1021
862
969
2629
2697
709
711
682
661
725
746
752
757
737
733
740
755
765
763
764
764
768
770
769
771
784
785
782
793
801
801
800
807
813
813
820
824
827
831
832
838
842
849
852
858
862
867
872
876
880
887
896
906
915
926
937
950
964
981
1020
882
889
893
897
901
904
906
1021
862
969
2629
2697
709
711
682
661
725
746
752
757
737
733
740
755
765
763
764
764
768
770
769
771
784
785
782
793
801
801
800
807
813
813
820
824
827
831
832
838
842
849
852
858
862
867
872
876
880
887
896
906
915
926
937
950
964
981
1020
882
889
893
897
901
904
906
1021
862
969
2629
2697
709
711
682
661
725
746
752
757
737
733
740
755
765
763
764
764
768
770
769
771
784
785
782
793
801
801
800
807
813
813
820
824
827
831
832
838
842
849
852
858
862
867
872
876
880
887
896
906
915
926
937
950
964
981
1020
882
889
893
897
901
904
906
1021
862
969
2629
2697
709
711
682
661
725
746
752
757
737
733
740
755
765
763
764
764
768
770
769
771
784
785
782
793
801
801
800
807
813
813
820
824
827
831
832
838
842
849
852
858
862
867
872
876
880
887
896
906
915
926
937
950
964
981
1020
882
889
893
897
901
904
906
1021
862
969
2629
2697
709
711
682
661
725
746
752
757
737
733
740
755
765
763
764
764
768
770
769
771
784
785
782
793
801
801
800
807
813
813
820
824
827
831
832
838
842
849
852
858
862
867
872
876
880
887
896
906
915
926
937
950
964
981
1020
882
889
893
897
901
904
906
1021
862
969
2629
2697
709
711
682
661
725
746
752
757
737
733
740
755
765
763
764
764
768
770
769
771
784
785
782
793
801
801
800
807
813
813
820
824
827
831
832
838
842
849
852
858
862
867
872
876
880
887
896
906
915
926
937
950
964
981
1020
882
889
893
897
901
904
906
1021
862
969
2629
2697
709
711
682
661
725
746
752
757
737
733
740
755
765
763
764
764
768
770
769
771
784
785
782
793
801
801
800
807
813
813
820
824
827
831
832
838
842
849
852
858
862
867
872
876
880
887
896
906
915
926
937
950
964
981
1020
882
889
893
897
901
904
906
1021
862
969
2629
2697
709
711
682
661
725
746
752
757
737
733
740
755
765
763
764
764
768
770
769
771
784
785
782
793
801
801
800
807
813
813
820
824
827
831
832
838
842
849
852
858
862
867
872
876
880
887
896
906
915
926
937
950
964
981
1020
882
889
893
897
901
904
906
1021
862
969
2629
2697
709
711
682
661
725
746
752
757
737
733
740
755
765
763
764
764
768
770
769
771
784
785
782
793
801
801
800
807
813
813
820
824
827
831
832
838
842
849
852
858
862
867
872
876
880
887
896
906
915
926
937
950
964
981
1020
882
889
893
897
901
904
906
1021
862
969
2629
2697
709
711
682
661
725
746
752
757
737
733
740
755
765
763
764
764
768
770
769
771
784
785
782
793
801
801
800
807
813
813
820
824
827
831
832
838
842
849
852
858
862
867
872
876
880
887
896
906
915
926
937
950
964
981
1020
882
889
893
897
901
904
906
1021
862
969
2629
2697
709
711
682
661
725
746
752
757
737
733
740
755
765
763
764
764
768
770
769
771
784
785
782
793
801
801
800
807
813
813
820
824
827
831
832
838
842
849
852
858
862
867
872
876
880
887
896
906
915
926
937
950
964
981
1020
882
889
893
897
901
904
906
1021
862
969
2629
2697
709
711
682
661
725
746
752
757
737
733
740
755
765
763
764
764
768
770
769
771
784
785
782
793
801
801
800
807
813
813
820
824
827
831
832
838
842
849
852
858
862
867
872
876
880
887
896
906
915
926
937
950
964
981
1020
882
889
893
897
901
904
906
1021
862
969
2629
2697
709
711
682
661
725
746
752
757
737
733
740
755
765
763
764
764
768
770
769
771
784
785
782
793
801
801
800
807
813
813
820
824
827
831
832
838
842
849
852
858
862
867
872
876
880
887
896
906
915
926
937
950
964
981
1020
882
889
893
897
901
904
906
1021
862
969
2629
2697
709
711
682
661
725
746
752
757
737
733
740
755
765
763
764
764
768
770
769
771
784
785
782
793
801
801
800
807
813
813
820
824
827
831
832
838
842
849
852
858
862
867
872
876
880
887
896
906
915
926
937
950
964
981
1020
882
889
893
897
901
904
906
1021
862
969
2629
2697
709
711
682
661
725
746
752
757
737
733
740
755
765
763
764
764
768
770
769
771
784
785
782
793
801
801
800
807
813
813
820
824
827
831
832
838
842
849
852
858
862
867
872
876
880
887
896
906
915
926
937
950
964
981
1020
882
889
893
897
901
904
906
1021
862
969
2629
2697
709
711
682
661
725
746
752
757
737
733
740
755
765
763
764
764
768
770
769
771
784
785
782
793
801
801
800
807
813
813
820
824
827
831
832
838
842
849
852
858
862
867
872
876
880
887
896
906
915
926
937
950
964
981
1020
882
889
893
897
901
904
906
1021
862
969
2629
2697
709
711
682
661
725
746
752
757
737
733
740
755
765
763
764
764
768
770
769
771
784
785
782
793
801
801
800
807
813
813
820
824
827
831
832
838
842
849
852
858
862
867
872
876
880
887
896
906
915
926
937
950
964
981
1020
882
889
893
897
901
904
906
1021
862
969
2629
2697
709
711
682
661
725
746
752
757
737
733
740
755
765
763
764
764
768
770
769
771
784
785
782
793
801
801
800
807
813
813
820
824
827
831
832
838
842
849
852
858
862
867
872
876
880
887
896
906
915
926
937
950
964
981
1020
882
889
893
897
901
904
906
1021
862
969
2629
2697
709
711
682
661
725
746
752
757
737
733
740
755
765
763
764
764
768
770
769
771
784
785
782
793
801
801
800
807
813
813
820
824
827
831
832
838
842
849
852
858
862
867
872
876
880
887
896
906
915
926
937
950
964
981
1020
882
889
893
897
901
904
906
1021
862
969
2629
2697
709
711
682
661
725
746
752
757
737
733
740
755
765
763
764
764
768
770
769
771
784
785
782
793
801
801
800
807
813
813
820
824
827
831
832
838
842
849
852
858
862
867
872
876
880
887
896
906
915
926
937
950
964
981
1020
882
889
893
897
901
904
906
1021
862
969
2629
2697
709
711
682
661
725
746
752
757
737
733
740
755
765
763
764
764
768
770
769
771
784
785
782
793
801
801
800
807
813
813
820
824
827
831
832
838
842
849
852
858
862
867
872
876
880
887
896
906
915
926
937
950
964
981
1020
882
889
893
897
901
904
906
1021
862
969
2629
2697
709
711
682
661
725
746
752
757
737
733
740
755
765
763
764
764
768
770
769
771
784
785
782
793
801
801
800
807
813
813
820
824
827
831
832
838
842
849
852
858
862
867
872
876
880
887
896
906
915
926
937
950
964
981
1020
882
889
893
897
901
904
906
1021
862
969
772
773
790
797
800
803
813
819
824
829
830
832
836
841
845
848
849
851
855
859
862
865
870
873
875
879
882
885
887
892
897
900
904
908
911
914
917
922
927
932
937
942
946
951
955
960
964
971
980
989
999
1010
1021
1034
1048
1065
1104
966
973
976
982
985
988
990
1104
946
1053
