2924
2944
2957
2967
2977
2984
2989
2995
3000
3004
3009
3012
3016
3019
3022
3025
3028
3030
3034
3038
3042
3046
3049
3053
3056
3059
3062
3064
3068
3073
3077
3081
3085
3089
3092
3096
3099
3104
3111
3117
3123
3129
3135
3141
3148
3154
3161
3172
3188
3207
3230
3260
3307
1294
1389
3344
3265
3164
3176
3182
3191
3197
3204
3208
3252
3140
3314
2924
2944
2957
2967
2977
2984
2989
2995
3000
3004
3009
3012
3016
3019
3022
3025
3028
3030
3034
3038
3042
3046
3049
3053
3056
3059
3062
3064
3068
3073
3077
3081
3085
3089
3092
3096
3099
3104
3111
3117
3123
3129
3135
3141
3148
3154
3161
3172
3188
3207
3230
3260
3307
1294
1389
3344
3265
3164
3176
3182
3191
3197
3204
3208
3252
3140
3314
2924
2944
2957
2967
2977
2984
2989
2995
3000
3004
3009
3012
3016
3019
3022
3025
3028
3030
3034
3038
3042
3046
3049
3053
3056
3059
3062
3064
3068
3073
3077
3081
3085
3089
3092
3096
3099
3104
3111
3117
3123
3129
3135
3141
3148
3154
3161
3172
3188
3207
3230
3260
3307
1294
1389
3344
3265
3164
3176
3182
3191
3197
3204
3208
3252
3140
3314
2924
2944
2957
2967
2977
2984
2989
2995
3000
3004
3009
3012
3016
3019
3022
3025
3028
3030
3034
3038
3042
3046
3049
3053
3056
3059
3062
3064
3068
3073
3077
3081
3085
3089
3092
3096
3099
3104
3111
3117
3123
3129
3135
3141
3148
3154
3161
3172
3188
3207
3230
3260
3307
1294
1389
3344
3265
3164
3176
3182
3191
3197
3204
3208
3252
3140
3314
2924
2944
2957
2967
2977
2984
2989
2995
3000
3004
3009
3012
3016
3019
3022
3025
3028
3030
3034
3038
3042
3046
3049
3053
3056
3059
3062
3064
3068
3073
3077
3081
3085
3089
3092
3096
3099
3104
3111
3117
3123
3129
3135
3141
3148
3154
3161
3172
3188
3207
3230
3260
3307
1294
1389
3344
3265
3164
3176
3182
3191
3197
3204
3208
3252
3140
3314
2924
2944
2957
2967
2977
2984
2989
2995
3000
3004
3009
3012
3016
3019
3022
3025
3028
3030
3034
3038
3042
3046
3049
3053
3056
3059
3062
3064
3068
3073
3077
3081
3085
3089
3092
3096
3099
3104
3111
3117
3123
3129
3135
3141
3148
3154
3161
3172
3188
3207
3230
3260
3307
1294
1389
3344
3265
3164
3176
3182
3191
3197
3204
3208
3252
3140
3314
2924
2944
2957
2967
2977
2984
2989
2995
3000
3004
3009
3012
3016
3019
3022
3025
3028
3030
3034
3038
3042
3046
3049
3053
3056
3059
3062
3064
3068
3073
3077
3081
3085
3089
3092
3096
3099
3104
3111
3117
3123
3129
3135
3141
3148
3154
3161
3172
3188
3207
3230
3260
3307
1294
1389
3344
3265
3164
3176
3182
3191
3197
3204
3208
3252
3140
3314
2924
2944
2957
2967
2977
2984
2989
2995
3000
3004
3009
3012
3016
3019
3022
3025
3028
3030
3034
3038
3042
3046
3049
3053
3056
3059
3062
3064
3068
3073
3077
3081
3085
3089
3092
3096
3099
3104
3111
3117
3123
3129
3135
3141
3148
3154
3161
3172
3188
3207
3230
3260
3307
1294
1389
3344
3265
3164
3176
3182
3191
3197
3204
3208
3252
3140
3314
2924
2944
2957
2967
2977
2984
2989
2995
3000
3004
3009
3012
3016
3019
3022
3025
3028
3030
3034
3038
3042
3046
3049
3053
3056
3059
3062
3064
3068
3073
3077
3081
3085
3089
3092
3096
3099
3104
3111
3117
3123
3129
3135
3141
3148
3154
3161
3172
3188
3207
3230
3260
3307
1294
1389
3344
3265
3164
3176
3182
3191
3197
3204
3208
3252
3140
3314
2924
2944
2957
2967
2977
2984
2989
2995
3000
3004
3009
3012
3016
3019
3022
3025
3028
3030
3034
3038
3042
3046
3049
3053
3056
3059
3062
3064
3068
3073
3077
3081
3085
3089
3092
3096
3099
3104
3111
3117
3123
3129
3135
3141
3148
3154
3161
3172
3188
3207
3230
3260
3307
1294
1389
3344
3265
3164
3176
3182
3191
3197
3204
3208
3252
3140
3314
2924
2944
2957
2967
2977
2984
2989
2995
3000
3004
3009
3012
3016
3019
3022
3025
3028
3030
3034
3038
3042
3046
3049
3053
3056
3059
3062
3064
3068
3073
3077
3081
3085
3089
3092
3096
3099
3104
3111
3117
3123
3129
3135
3141
3148
3154
3161
3172
3188
3207
3230
3260
3307
1294
1389
3344
3265
3164
3176
3182
3191
3197
3204
3208
3252
3140
3314
2924
2944
2957
2967
2977
2984
2989
2995
3000
3004
3009
3012
3016
3019
3022
3025
3028
3030
3034
3038
3042
3046
3049
3053
3056
3059
3062
3064
3068
3073
3077
3081
3085
3089
3092
3096
3099
3104
3111
3117
3123
3129
3135
3141
3148
3154
3161
3172
3188
3207
3230
3260
3307
1294
1389
3344
3265
3164
3176
3182
3191
3197
3204
3208
3252
3140
3314
2924
2944
2957
2967
2977
2984
2989
2995
3000
3004
3009
3012
3016
3019
3022
3025
3028
3030
3034
3038
3042
3046
3049
3053
3056
3059
3062
3064
3068
3073
3077
3081
3085
3089
3092
3096
3099
3104
3111
3117
3123
3129
3135
3141
3148
3154
3161
3172
3188
3207
3230
3260
3307
1294
1389
3344
3265
3164
3176
3182
3191
3197
3204
3208
3252
3140
3314
2924
2944
2957
2967
2977
2984
2989
2995
3000
3004
3009
3012
3016
3019
3022
3025
3028
3030
3034
3038
3042
3046
3049
3053
3056
3059
3062
3064
3068
3073
3077
3081
3085
3089
3092
3096
3099
3104
3111
3117
3123
3129
3135
3141
3148
3154
3161
3172
3188
3207
3230
3260
3307
1294
1389
3344
3265
3164
3176
3182
3191
3197
3204
3208
3252
3140
3314
2924
2944
2957
2967
2977
2984
2989
2995
3000
3004
3009
3012
3016
3019
3022
3025
3028
3030
3034
3038
3042
3046
3049
3053
3056
3059
3062
3064
3068
3073
3077
3081
3085
3089
3092
3096
3099
3104
3111
3117
3123
3129
3135
3141
3148
3154
3161
3172
3188
3207
3230
3260
3307
1294
1389
3344
3265
3164
3176
3182
3191
3197
3204
3208
3252
3140
3314
2924
2944
2957
2967
2977
2984
2989
2995
3000
3004
3009
3012
3016
3019
3022
3025
3028
3030
3034
3038
3042
3046
3049
3053
3056
3059
3062
3064
3068
3073
3077
3081
3085
3089
3092
3096
3099
3104
3111
3117
3123
3129
3135
3141
3148
3154
3161
3172
3188
3207
3230
3260
3307
1294
1389
3344
3265
3164
3176
3182
3191
3197
3204
3208
3252
3140
3314
2924
2944
2957
2967
2977
2984
2989
2995
3000
3004
3009
3012
3016
3019
3022
3025
3028
3030
3034
3038
3042
3046
3049
3053
3056
3059
3062
3064
3068
3073
3077
3081
3085
3089
3092
3096
3099
3104
3111
3117
3123
3129
3135
3141
3148
3154
3161
3172
3188
3207
3230
3260
3307
1294
1389
3344
3265
3164
3176
3182
3191
3197
3204
3208
3252
3140
3314
2924
2944
2957
2967
2977
2984
2989
2995
3000
3004
3009
3012
3016
3019
3022
3025
3028
3030
3034
3038
3042
3046
3049
3053
3056
3059
3062
3064
3068
3073
3077
3081
3085
3089
3092
3096
3099
3104
3111
3117
3123
3129
3135
3141
3148
3154
3161
3172
3188
3207
3230
3260
3307
1294
1389
3344
3265
3164
3176
3182
3191
3197
3204
3208
3252
3140
3314
2924
2944
2957
2967
2977
2984
2989
2995
3000
3004
3009
3012
3016
3019
3022
3025
3028
3030
3034
3038
3042
3046
3049
3053
3056
3059
3062
3064
3068
3073
3077
3081
3085
3089
3092
3096
3099
3104
3111
3117
3123
3129
3135
3141
3148
3154
3161
3172
3188
3207
3230
3260
3307
1294
1389
3344
3265
3164
3176
3182
3191
3197
3204
3208
3252
3140
3314
2924
2944
2957
2967
2977
2984
2989
2995
3000
3004
3009
3012
3016
3019
3022
3025
3028
3030
3034
3038
3042
3046
3049
3053
3056
3059
3062
3064
3068
3073
3077
3081
3085
3089
3092
3096
3099
3104
3111
3117
3123
3129
3135
3141
3148
3154
3161
3172
3188
3207
3230
3260
3307
1294
1389
3344
3265
3164
3176
3182
3191
3197
3204
3208
3252
3140
3314
2924
2944
2957
2967
2977
2984
2989
2995
3000
3004
3009
3012
3016
3019
3022
3025
3028
3030
3034
3038
3042
3046
3049
3053
3056
3059
3062
3064
3068
3073
3077
3081
3085
3089
3092
3096
3099
3104
3111
3117
3123
3129
3135
3141
3148
3154
3161
3172
3188
3207
3230
3260
3307
1294
1389
3344
3265
3164
3176
3182
3191
3197
3204
3208
3252
3140
3314
2924
2944
2957
2967
2977
2984
2989
2995
3000
3004
3009
3012
3016
3019
3022
3025
3028
3030
3034
3038
3042
3046
3049
3053
3056
3059
3062
3064
3068
3073
3077
3081
3085
3089
3092
3096
3099
3104
3111
3117
3123
3129
3135
3141
3148
3154
3161
3172
3188
3207
3230
3260
3307
1294
1389
3344
3265
3164
3176
3182
3191
3197
3204
3208
3252
3140
3314
2924
2944
2957
2967
2977
2984
2989
2995
3000
3004
3009
3012
3016
3019
3022
3025
3028
3030
3034
3038
3042
3046
3049
3053
3056
3059
3062
3064
3068
3073
3077
3081
3085
3089
3092
3096
3099
3104
3111
3117
3123
3129
3135
3141
3148
3154
3161
3172
3188
3207
3230
3260
3307
1294
1389
3344
3265
3164
3176
3182
3191
3197
3204
3208
3252
3140
3314
2924
2944
2957
2967
2977
2984
2989
2995
3000
3004
3009
3012
3016
3019
3022
3025
3028
3030
3034
3038
3042
3046
3049
3053
3056
3059
3062
3064
3068
3073
3077
3081
3085
3089
3092
3096
3099
3104
3111
3117
3123
3129
3135
3141
3148
3154
3161
3172
3188
3207
3230
3260
3307
1294
1389
3344
3265
3164
3176
3182
3191
3197
3204
3208
3252
3140
3314
2924
2944
2957
2967
2977
2984
2989
2995
3000
3004
3009
3012
3016
3019
3022
3025
3028
3030
3034
3038
3042
3046
3049
3053
3056
3059
3062
3064
3068
3073
3077
3081
3085
3089
3092
3096
3099
3104
3111
3117
3123
3129
3135
3141
3148
3154
3161
3172
3188
3207
3230
3260
3307
1294
1389
3344
3265
3164
3176
3182
3191
3197
3204
3208
3252
3140
3314
2924
2944
2957
2967
2977
2984
2989
2995
3000
3004
3009
3012
3016
3019
3022
3025
3028
3030
3034
3038
3042
3046
3049
3053
3056
3059
3062
3064
3068
3073
3077
3081
3085
3089
3092
3096
3099
3104
3111
3117
3123
3129
3135
3141
3148
3154
3161
3172
3188
3207
3230
3260
3307
1294
1389
3344
3265
3164
3176
3182
3191
3197
3204
3208
3252
3140
3314
2924
2944
2957
2967
2977
2984
2989
2995
3000
3004
3009
3012
3016
3019
3022
3025
3028
3030
3034
3038
3042
3046
3049
3053
3056
3059
3062
3064
3068
3073
3077
3081
3085
3089
3092
3096
3099
3104
3111
3117
3123
3129
3135
3141
3148
3154
3161
3172
3188
3207
3230
3260
3307
1294
1389
3344
3265
3164
3176
3182
3191
3197
3204
3208
3252
3140
3314
2924
2944
2957
2967
2977
2984
2989
2995
3000
3004
3009
3012
3016
3019
3022
3025
3028
3030
3034
3038
3042
3046
3049
3053
3056
3059
3062
3064
3068
3073
3077
3081
3085
3089
3092
3096
3099
3104
3111
3117
3123
3129
3135
3141
3148
3154
3161
3172
3188
3207
3230
3260
3307
1294
1389
3344
3265
3164
3176
3182
3191
3197
3204
3208
3252
3140
3314
2924
2944
2957
2967
2977
2984
2989
2995
3000
3004
3009
3012
3016
3019
3022
3025
3028
3030
3034
3038
3042
3046
3049
3053
3056
3059
3062
3064
3068
3073
3077
3081
3085
3089
3092
3096
3099
3104
3111
3117
3123
3129
3135
3141
3148
3154
3161
3172
3188
3207
3230
3260
3307
1294
1389
3344
3265
3164
3176
3182
3191
3197
3204
3208
3252
3140
3314
2924
2944
2957
2967
2977
2984
2989
2995
3000
3004
3009
3012
3016
3019
3022
3025
3028
3030
3034
3038
3042
3046
3049
3053
3056
3059
3062
3064
3068
3073
3077
3081
3085
3089
3092
3096
3099
3104
3111
3117
3123
3129
3135
3141
3148
3154
3161
3172
3188
3207
3230
3260
3307
1294
1389
3344
3265
3164
3176
3182
3191
3197
3204
3208
3252
3140
3314
2924
2944
2957
2967
2977
2984
2989
2995
3000
3004
3009
3012
3016
3019
3022
3025
3028
3030
3034
3038
3042
3046
3049
3053
3056
3059
3062
3064
3068
3073
3077
3081
3085
3089
3092
3096
3099
3104
3111
3117
3123
3129
3135
3141
3148
3154
3161
3172
3188
3207
3230
3260
3307
1294
1389
3344
3265
3164
3176
3182
3191
3197
3204
3208
3252
3140
3314
2924
2944
2957
2967
2977
2984
2989
2995
3000
3004
3009
3012
3016
3019
3022
3025
3028
3030
3034
3038
3042
3046
3049
3053
3056
3059
3062
3064
3068
3073
3077
3081
3085
3089
3092
3096
3099
3104
3111
3117
3123
3129
3135
3141
3148
3154
3161
3172
3188
3207
3230
3260
3307
1294
1389
3344
3265
3164
3176
3182
3191
3197
3204
3208
3252
3140
3314
2924
2944
2957
2967
2977
2984
2989
2995
3000
3004
3009
3012
3016
3019
3022
3025
3028
3030
3034
3038
3042
3046
3049
3053
3056
3059
3062
3064
3068
3073
3077
3081
3085
3089
3092
3096
3099
3104
3111
3117
3123
3129
3135
3141
3148
3154
3161
3172
3188
3207
3230
3260
3307
1294
1389
3344
3265
3164
3176
3182
3191
3197
3204
3208
3252
3140
3314
2924
2944
2957
2967
2977
2984
2989
2995
3000
3004
3009
3012
3016
3019
3022
3025
3028
3030
3034
3038
3042
3046
3049
3053
3056
3059
3062
3064
3068
3073
3077
3081
3085
3089
3092
3096
3099
3104
3111
3117
3123
3129
3135
3141
3148
3154
3161
3172
3188
3207
3230
3260
3307
1294
1389
3344
3265
3164
3176
3182
3191
3197
3204
3208
3252
3140
3314
2924
2944
2957
2967
2977
2984
2989
2995
3000
3004
3009
3012
3016
3019
3022
3025
3028
3030
3034
3038
3042
3046
3049
3053
3056
3059
3062
3064
3068
3073
3077
3081
3085
3089
3092
3096
3099
3104
3111
3117
3123
3129
3135
3141
3148
3154
3161
3172
3188
3207
3230
3260
3307
1294
1389
3344
3265
3164
3176
3182
3191
3197
3204
3208
3252
3140
3314
2924
2944
2957
2967
2977
2984
2989
2995
3000
3004
3009
3012
3016
3019
3022
3025
3028
3030
3034
3038
3042
3046
3049
3053
3056
3059
3062
3064
3068
3073
3077
3081
3085
3089
3092
3096
3099
3104
3111
3117
3123
3129
3135
3141
3148
3154
3161
3172
3188
3207
3230
3260
3307
1294
1389
3344
3265
3164
3176
3182
3191
3197
3204
3208
3252
3140
3314
2924
2944
2957
2967
2977
2984
2989
2995
3000
3004
3009
3012
3016
3019
3022
3025
3028
3030
3034
3038
3042
3046
3049
3053
3056
3059
3062
3064
3068
3073
3077
3081
3085
3089
3092
3096
3099
3104
3111
3117
3123
3129
3135
3141
3148
3154
3161
3172
3188
3207
3230
3260
3307
1294
1389
3344
3265
3164
3176
3182
3191
3197
3204
3208
3252
3140
3314
2924
2944
2957
2967
2977
2984
2989
2995
3000
3004
3009
3012
3016
3019
3022
3025
3028
3030
3034
3038
3042
3046
3049
3053
3056
3059
3062
3064
3068
3073
3077
3081
3085
3089
3092
3096
3099
3104
3111
3117
3123
3129
3135
3141
3148
3154
3161
3172
3188
3207
3230
3260
3307
1294
1389
3344
3265
3164
3176
3182
3191
3197
3204
3208
3252
3140
3314
2924
2944
2957
2967
2977
2984
2989
2995
3000
3004
3009
3012
3016
3019
3022
3025
3028
3030
3034
3038
3042
3046
3049
3053
3056
3059
3062
3064
3068
3073
3077
3081
3085
3089
3092
3096
3099
3104
3111
3117
3123
3129
3135
3141
3148
3154
3161
3172
3188
3207
3230
3260
3307
1294
1389
3344
3265
3164
3176
3182
3191
3197
3204
3208
3252
3140
3314
2924
2944
2957
2967
2977
2984
2989
2995
3000
3004
3009
3012
3016
3019
3022
3025
3028
3030
3034
3038
3042
3046
3049
3053
3056
3059
3062
3064
3068
3073
3077
3081
3085
3089
3092
3096
3099
3104
3111
3117
3123
3129
3135
3141
3148
3154
3161
3172
3188
3207
3230
3260
3307
1294
1389
3344
3265
3164
3176
3182
3191
3197
3204
3208
3252
3140
3314
2924
2944
2957
2967
2977
2984
2989
2995
3000
3004
3009
3012
3016
3019
3022
3025
3028
3030
3034
3038
3042
3046
3049
3053
3056
3059
3062
3064
3068
3073
3077
3081
3085
3089
3092
3096
3099
3104
3111
3117
3123
3129
3135
3141
3148
3154
3161
3172
3188
3207
3230
3260
3307
1294
1389
3344
3265
3164
3176
3182
3191
3197
3204
3208
3252
3140
3314
2924
2944
2957
2967
2977
2984
2989
2995
3000
3004
3009
3012
3016
3019
3022
3025
3028
3030
3034
3038
3042
3046
3049
3053
3056
3059
3062
3064
3068
3073
3077
3081
3085
3089
3092
3096
3099
3104
3111
3117
3123
3129
3135
3141
3148
3154
3161
3172
3188
3207
3230
3260
3307
1294
1389
3344
3265
3164
3176
3182
3191
3197
3204
3208
3252
3140
3314
2924
2944
2957
2967
2977
2984
2989
2995
3000
3004
3009
3012
3016
3019
3022
3025
3028
3030
3034
3038
3042
3046
3049
3053
3056
3059
3062
3064
3068
3073
3077
3081
3085
3089
3092
3096
3099
3104
3111
3117
3123
3129
3135
3141
3148
3154
3161
3172
3188
3207
3230
3260
3307
1294
1389
3344
3265
3164
3176
3182
3191
3197
3204
3208
3252
3140
3314
2924
2944
2957
2967
2977
2984
2989
2995
3000
3004
3009
3012
3016
3019
3022
3025
3028
3030
3034
3038
3042
3046
3049
3053
3056
3059
3062
3064
3068
3073
3077
3081
3085
3089
3092
3096
3099
3104
3111
3117
3123
3129
3135
3141
3148
3154
3161
3172
3188
3207
3230
3260
3307
1294
1389
3344
3265
3164
3176
3182
3191
3197
3204
3208
3252
3140
3314
2924
2944
2957
2967
2977
2984
2989
2995
3000
3004
3009
3012
3016
3019
3022
3025
3028
3030
3034
3038
3042
3046
3049
3053
3056
3059
3062
3064
3068
3073
3077
3081
3085
3089
3092
3096
3099
3104
3111
3117
3123
3129
3135
3141
3148
3154
3161
3172
3188
3207
3230
3260
3307
1294
1389
3344
3265
3164
3176
3182
3191
3197
3204
3208
3252
3140
3314
2924
2944
2957
2967
2977
2984
2989
2995
3000
3004
3009
3012
3016
3019
3022
3025
3028
3030
3034
3038
3042
3046
3049
3053
3056
3059
3062
3064
3068
3073
3077
3081
3085
3089
3092
3096
3099
3104
3111
3117
3123
3129
3135
3141
3148
3154
3161
3172
3188
3207
3230
3260
3307
1294
1389
3344
3265
3164
3176
3182
3191
3197
3204
3208
3252
3140
3314
2924
2944
2957
2967
2977
2984
2989
2995
3000
3004
3009
3012
3016
3019
3022
3025
3028
3030
3034
3038
3042
3046
3049
3053
3056
3059
3062
3064
3068
3073
3077
3081
3085
3089
3092
3096
3099
3104
3111
3117
3123
3129
3135
3141
3148
3154
3161
3172
3188
3207
3230
3260
3307
1294
1389
3344
3265
3164
3176
3182
3191
3197
3204
3208
3252
3140
3314
2924
2944
2957
2967
2977
2984
2989
2995
3000
3004
3009
3012
3016
3019
3022
3025
3028
3030
3034
3038
3042
3046
3049
3053
3056
3059
3062
3064
3068
3073
3077
3081
3085
3089
3092
3096
3099
3104
3111
3117
3123
3129
3135
3141
3148
3154
3161
3172
3188
3207
3230
3260
3307
1294
1389
3344
3265
3164
3176
3182
3191
3197
3204
3208
3252
3140
3314
2924
2944
2957
2967
2977
2984
2989
2995
3000
3004
3009
3012
3016
3019
3022
3025
3028
3030
3034
3038
3042
3046
3049
3053
3056
3059
3062
3064
3068
3073
3077
3081
3085
3089
3092
3096
3099
3104
3111
3117
3123
3129
3135
3141
3148
3154
3161
3172
3188
3207
3230
3260
3307
1294
1389
3344
3265
3164
3176
3182
3191
3197
3204
3208
3252
3140
3314
2924
2944
2957
2967
2977
2984
2989
2995
3000
3004
3009
3012
3016
3019
3022
3025
3028
3030
3034
3038
3042
3046
3049
3053
3056
3059
3062
3064
3068
3073
3077
3081
3085
3089
3092
3096
3099
3104
3111
3117
3123
3129
3135
3141
3148
3154
3161
3172
3188
3207
3230
3260
3307
1294
1389
3344
3265
3164
3176
3182
3191
3197
3204
3208
3252
3140
3314
2924
2944
2957
2967
2977
2984
2989
2995
3000
3004
3009
3012
3016
3019
3022
3025
3028
3030
3034
3038
3042
3046
3049
3053
3056
3059
3062
3064
3068
3073
3077
3081
3085
3089
3092
3096
3099
3104
3111
3117
3123
3129
3135
3141
3148
3154
3161
3172
3188
3207
3230
3260
3307
1294
1389
3344
3265
3164
3176
3182
3191
3197
3204
3208
3252
3140
3314
2924
2944
2957
2967
2977
2984
2989
2995
3000
3004
3009
3012
3016
3019
3022
3025
3028
3030
3034
3038
3042
3046
3049
3053
3056
3059
3062
3064
3068
3073
3077
3081
3085
3089
3092
3096
3099
3104
3111
3117
3123
3129
3135
3141
3148
3154
3161
3172
3188
3207
3230
3260
3307
1294
1389
3344
3265
3164
3176
3182
3191
3197
3204
3208
3252
3140
3314
2924
2944
2957
2967
2977
2984
2989
2995
3000
3004
3009
3012
3016
3019
3022
3025
3028
3030
3034
3038
3042
3046
3049
3053
3056
3059
3062
3064
3068
3073
3077
3081
3085
3089
3092
3096
3099
3104
3111
3117
3123
3129
3135
3141
3148
3154
3161
3172
3188
3207
3230
3260
3307
1294
1389
3344
3265
3164
3176
3182
3191
3197
3204
3208
3252
3140
3314
2924
2944
2957
2967
2977
2984
2989
2995
3000
3004
3009
3012
3016
3019
3022
3025
3028
3030
3034
3038
3042
3046
3049
3053
3056
3059
3062
3064
3068
3073
3077
3081
3085
3089
3092
3096
3099
3104
3111
3117
3123
3129
3135
3141
3148
3154
3161
3172
3188
3207
3230
3260
3307
1294
1389
3344
3265
3164
3176
3182
3191
3197
3204
3208
3252
3140
3314
2924
2944
2957
2967
2977
2984
2989
2995
3000
3004
3009
3012
3016
3019
3022
3025
3028
3030
3034
3038
3042
3046
3049
3053
3056
3059
3062
3064
3068
3073
3077
3081
3085
3089
3092
3096
3099
3104
3111
3117
3123
3129
3135
3141
3148
3154
3161
3172
3188
3207
3230
3260
3307
1294
1389
3344
3265
3164
3176
3182
3191
3197
3204
3208
3252
3140
3314
2924
2944
2957
2967
2977
2984
2989
2995
3000
3004
3009
3012
3016
3019
3022
3025
3028
3030
3034
3038
3042
3046
3049
3053
3056
3059
3062
3064
3068
3073
3077
3081
3085
3089
3092
3096
3099
3104
3111
3117
3123
3129
3135
3141
3148
3154
3161
3172
3188
3207
3230
3260
3307
1294
1389
3344
3265
3164
3176
3182
3191
3197
3204
3208
3252
3140
3314
2924
2944
2957
2967
2977
2984
2989
2995
3000
3004
3009
3012
3016
3019
3022
3025
3028
3030
3034
3038
3042
3046
3049
3053
3056
3059
3062
3064
3068
3073
3077
3081
3085
3089
3092
3096
3099
3104
3111
3117
3123
3129
3135
3141
3148
3154
3161
3172
3188
3207
3230
3260
3307
1294
1389
3344
3265
3164
3176
3182
3191
3197
3204
3208
3252
3140
3314
2924
2944
2957
2967
2977
2984
2989
2995
3000
3004
3009
3012
3016
3019
3022
3025
3028
3030
3034
3038
3042
3046
3049
3053
3056
3059
3062
3064
3068
3073
3077
3081
3085
3089
3092
3096
3099
3104
3111
3117
3123
3129
3135
3141
3148
3154
3161
3172
3188
3207
3230
3260
3307
1294
1389
3344
3265
3164
3176
3182
3191
3197
3204
3208
3252
3140
3314
2924
2944
2957
2967
2977
2984
2989
2995
3000
3004
3009
3012
3016
3019
3022
3025
3028
3030
3034
3038
3042
3046
3049
3053
3056
3059
3062
3064
3068
3073
3077
3081
3085
3089
3092
3096
3099
3104
3111
3117
3123
3129
3135
3141
3148
3154
3161
3172
3188
3207
3230
3260
3307
1294
1389
3344
3265
3164
3176
3182
3191
3197
3204
3208
3252
3140
3314
2924
2944
2957
2967
2977
2984
2989
2995
3000
3004
3009
3012
3016
3019
3022
3025
3028
3030
3034
3038
3042
3046
3049
3053
3056
3059
3062
3064
3068
3073
3077
3081
3085
3089
3092
3096
3099
3104
3111
3117
3123
3129
3135
3141
3148
3154
3161
3172
3188
3207
3230
3260
3307
1294
1389
3344
3265
3164
3176
3182
3191
3197
3204
3208
3252
3140
3314
2924
2944
2957
2967
2977
2984
2989
2995
3000
3004
3009
3012
3016
3019
3022
3025
3028
3030
3034
3038
3042
3046
3049
3053
3056
3059
3062
3064
3068
3073
3077
3081
3085
3089
3092
3096
3099
3104
3111
3117
3123
3129
3135
3141
3148
3154
3161
3172
3188
3207
3230
3260
3307
1294
1389
3344
3265
3164
3176
3182
3191
3197
3204
3208
3252
3140
3314
2924
2944
2957
2967
2977
2984
2989
2995
3000
3004
3009
3012
3016
3019
3022
3025
3028
3030
3034
3038
3042
3046
3049
3053
3056
3059
3062
3064
3068
3073
3077
3081
3085
3089
3092
3096
3099
3104
3111
3117
3123
3129
3135
3141
3148
3154
3161
3172
3188
3207
3230
3260
3307
1294
1389
3344
3265
3164
3176
3182
3191
3197
3204
3208
3252
3140
3314
2924
2944
2957
2967
2977
2984
2989
2995
3000
3004
3009
3012
3016
3019
3022
3025
3028
3030
3034
3038
3042
3046
3049
3053
3056
3059
3062
3064
3068
3073
3077
3081
3085
3089
3092
3096
3099
3104
3111
3117
3123
3129
3135
3141
3148
3154
3161
3172
3188
3207
3230
3260
3307
1294
1389
3344
3265
3164
3176
3182
3191
3197
3204
3208
3252
3140
3314
2906
2925
2939
2948
2958
2965
2971
2977
2982
2986
2990
2994
2997
3001
3004
3007
3009
3012
3015
3020
3024
3027
3031
3034
3037
3040
3043
3046
3049
3054
3059
3063
3067
3070
3074
3078
3081
3086
3092
3098
3104
3111
3117
3123
3129
3136
3143
3154
3170
3189
3212
3242
3288
1270
1371
3325
3246
3145
3157
3163
3173
3178
3185
3189
3233
3122
3295
